1 0.004393 0.004393 2 1 0
0.9996 0.00439476 0.00439476 1 1 0
0.9992 0.00439652 0.00439652 1 1 0
0.9984 0.00440004 0.00440004 1 1 0
0.9968 0.0044071 0.0044071 1 1 0
0.9936 0.0044213 0.0044213 1 1 0
0.9872 0.00444996 0.00444996 1 1 0
0.9772 0.0044955 0.0044955 1 1 0
0.9672 0.00454198 0.00454198 1 1 0
0.9572 0.00458943 0.00458943 1 1 0
0.947201 0.00463788 0.00463788 1 1 0
0.937201 0.00468736 0.00468736 1 1 0
0.927201 0.00473792 0.00473792 1 1 0
0.917201 0.00478957 0.00478957 1 1 0
0.907201 0.00484237 0.00484237 1 1 0
0.897201 0.00489634 0.00489634 1 1 0
0.887201 0.00495153 0.00495153 1 1 0
0.877202 0.00500797 0.00500797 1 1 0
0.867202 0.00506572 0.00506572 1 1 0
0.857202 0.00512481 0.00512481 1 1 0
0.847202 0.0051853 0.0051853 1 1 0
0.837202 0.00524724 0.00524724 1 1 0
0.827202 0.00531067 0.00531067 1 1 0
0.817203 0.00537566 0.00537566 1 1 0
0.807203 0.00544225 0.00544225 1 1 0
0.797203 0.00551052 0.00551052 1 1 0
0.787203 0.00558051 0.00558051 1 1 0
0.777204 0.00565232 0.00565232 1 1 0
0.767204 0.00572599 0.00572599 1 1 0
0.757204 0.00580161 0.00580161 1 1 0
0.747204 0.00587925 0.00587925 1 1 0
0.737205 0.005959 0.005959 1 1 0
0.727205 0.00604094 0.00604094 1 1 0
0.717205 0.00612516 0.00612516 1 1 0
0.707206 0.00621177 0.00621177 1 1 0
0.697206 0.00630086 0.00630086 1 1 0
0.687207 0.00639255 0.00639255 1 1 0
0.677207 0.00648694 0.00648694 1 1 0
0.667208 0.00658416 0.00658416 1 1 0
0.657208 0.00668434 0.00668434 1 1 0
0.647209 0.00678761 0.00678761 1 1 0
0.637209 0.00689413 0.00689413 1 1 0
0.62721 0.00700404 0.00700404 1 1 0
0.61721 0.00711751 0.00711751 1 1 0
0.607211 0.00723472 0.00723472 1 1 0
0.597212 0.00735585 0.00735585 1 1 0
0.587213 0.00748111 0.00748111 1 1 0
0.577213 0.0076107 0.0076107 1 1 0
0.567214 0.00774487 0.00774487 1 1 0
0.557215 0.00788385 0.00788385 1 1 0
0.547216 0.0080279 0.0080279 1 1 0
0.537217 0.00817732 0.00817732 1 1 0
0.527219 0.00833241 0.00833241 1 1 0
0.51722 0.00849348 0.00849348 1 1 0
0.507221 0.00866091 0.00866091 1 1 0
0.497223 0.00883507 0.00883507 1 1 0
0.487225 0.00901638 0.00901638 1 1 0
0.477226 0.00920528 0.00920528 1 1 0
0.467228 0.00940226 0.00940226 1 1 0
0.45723 0.00960785 0.00960785 1 1 0
0.447233 0.00982263 0.00982263 1 1 0
0.437235 0.0100472 0.0100472 1 1 0
0.427238 0.0102823 0.0102823 1 1 0
0.417241 0.0105287 0.0105287 1 1 0
0.407244 0.0107871 0.0107871 1 1 0
0.397248 0.0110586 0.0110586 1 1 0
0.387252 0.011344 0.011344 1 1 0
0.377257 0.0116446 0.0116446 1 1 0
0.367262 0.0119615 0.0119615 1 1 0
0.357267 0.0122961 0.0122961 1 1 0
0.347273 0.01265 0.01265 1 1 0
0.33728 0.0130248 0.0130248 1 1 0
0.327288 0.0134224 0.0134224 1 1 0
0.317297 0.0138451 0.0138451 1 1 0
0.307307 0.0142951 0.0142951 1 1 0
0.297319 0.0147754 0.0147754 1 1 0
0.287332 0.0152889 0.0152889 1 1 0
0.277347 0.0158394 0.0158394 1 1 0
0.267364 0.0164308 0.0164308 1 1 0
0.257385 0.0170678 0.0170678 1 1 0
0.247408 0.0177561 0.0177561 1 1 0
0.237436 0.0185018 0.0185018 1 1 0
0.227469 0.0193125 0.0193125 1 1 0
0.217507 0.020197 0.020197 1 1 0
0.207554 0.0211655 0.0211655 1 1 0
0.197611 0.0222306 0.0222306 1 1 0
0.18768 0.0234069 0.0234069 1 1 0
0.177766 0.0247123 0.0247123 1 1 0
0.167872 0.0261687 0.0261687 1 1 0
0.158007 0.0278026 0.0278026 1 1 0
0.148178 0.0296468 0.0296468 1 1 0
0.1384 0.0317414 0.0317414 1 1 0
0.128691 0.0341361 0.0341361 1 1 0
0.119078 0.0368918 0.0368918 1 1 0
0.109601 0.0400819 0.0400819 1 1 0
0.100314 0.0437923 0.0437923 1 1 0
0.0912979 0.0481172 0.0481172 1 1 0
0.0826556 0.0531483 0.0531483 1 1 0
0.0745142 0.0589552 0.0589552 1 1 0
0.0670064 0.0655609 0.0655609 1 1 0
0.0602403 0.0729246 0.0729246 1 1 0
0.0542701 0.080947 0.080947 1 1 0
0.0490851 0.0894979 0.0894979 1 1 0
0.0446232 0.0984473 0.0984473 1 1 0
0.0407953 0.107686 0.107686 1 1 0
0.0375066 0.11713 0.11713 1 1 0
0.0346694 0.126719 0.126719 1 1 0
0.0322075 0.136411 0.136411 1 1 0
0.0300578 0.146177 0.146177 1 1 0
0.0281689 0.155997 0.155997 1 1 0
0.0264989 0.165857 0.165857 1 1 0
0.0250143 0.175746 0.175746 1 1 0
0.0236878 0.185657 0.185657 1 1 0
0.0224974 0.195586 0.195586 1 1 0
0.0214251 0.205529 0.205529 1 1 0
0.0204565 0.215482 0.215482 1 1 0
0.0195798 0.225444 0.225444 1 1 0
0.0187854 0.235412 0.235412 1 1 0
0.0180656 0.245387 0.245387 1 1 0
0.0174142 0.255366 0.255366 1 1 0
0.0168265 0.265349 0.265349 1 1 0
0.0162987 0.275335 0.275335 1 1 0
0.0158281 0.285324 0.285324 1 1 0
0.0154128 0.295315 0.295315 1 1 0
0.0150517 0.305309 0.305309 1 1 0
0.0147444 0.315304 0.315304 1 1 0
0.0144911 0.325301 0.325301 1 1 0
0.0142923 0.3353 0.3353 1 1 0
0.0141491 0.345299 0.345299 1 1 0
0.0140631 0.355298 0.355298 1 1 0
0.014036 0.364773 0.364773 1 1 0
0.0140668 0.374773 0.374773 2 1 0
0.0141608 0.384773 0.384773 2 1 0
0.0143203 0.394772 0.394772 2 1 0
0.0145479 0.404769 0.404769 2 1 0
0.0148457 0.414765 0.414765 2 1 0
0.0152162 0.424759 0.424759 2 1 0
0.0156613 0.434749 0.434749 2 1 0
0.0161825 0.444736 0.444736 2 1 0
0.0167811 0.454718 0.454718 2 1 0
0.0174576 0.464695 0.464695 2 1 0
0.0182118 0.474667 0.474667 2 1 0
0.0190426 0.484633 0.484633 2 1 0
0.0199478 0.494592 0.494592 2 1 0
0.020924 0.504545 0.504545 2 1 0
0.0219665 0.51449 0.51449 2 1 0
0.0230687 0.52443 0.52443 2 1 0
0.0242225 0.534363 0.534363 2 1 0
0.0254176 0.544291 0.544291 2 1 0
0.0266411 0.554216 0.554216 2 1 0
0.027878 0.56414 0.56414 2 1 0
0.0291099 0.574063 0.574063 2 1 0
0.0303152 0.58399 0.58399 2 1 0
0.0314685 0.593924 0.593924 2 1 0
0.0325399 0.603867 0.603867 2 1 0
0.0334949 0.613821 0.613821 2 1 0
0.034293 0.623789 0.623789 2 1 0
0.034888 0.633771 0.633771 2 1 0
0.0352268 0.643766 0.643766 2 1 0
0.0352825 0.649488 0.649488 2 1 0
0.0350946 0.659486 0.659486 1 1 0
0.0344838 0.669468 0.669468 1 1 0
0.0333768 0.679406 0.679406 1 1 0
0.0317015 0.689265 0.689265 1 1 0
0.0293922 0.698995 0.698995 1 1 0
0.0263982 0.708536 0.708536 1 1 0
0.0226905 0.717823 0.717823 1 1 0
0.0182678 0.726792 0.726792 1 1 0
0.0131565 0.735387 0.735387 1 1 0
0.00740642 0.743569 0.743569 1 1 0
0.00108233 0.751315 0.751315 1 1 0
-0.00574426 0.758623 0.758623 1 1 0
-0.0130026 0.765501 0.765501 1 1 0
-0.0206272 0.771972 0.771972 1 1 0
-0.0285604 0.77806 0.77806 1 1 0
-0.036753 0.783794 0.783794 1 1 0
-0.0451636 0.789203 0.789203 1 1 0
-0.0537579 0.794316 0.794316 1 1 0
-0.0625075 0.799158 0.799158 1 1 0
-0.0713891 0.803753 0.803753 1 1 0
-0.0803836 0.808123 0.808123 1 1 0
-0.089475 0.812288 0.812288 1 1 0
-0.0986502 0.816265 0.816265 1 1 0
-0.1079 0.820071 0.820071 1 1 0
-0.117213 0.823718 0.823718 1 1 0
-0.126581 0.827219 0.827219 1 1 0
-0.135998 0.830586 0.830586 1 1 0
-0.145459 0.833828 0.833828 1 1 0
-0.154958 0.836954 0.836954 1 1 0
-0.164492 0.839974 0.839974 1 1 0
-0.174057 0.842893 0.842893 1 1 0
-0.18365 0.845719 0.845719 1 1 0
-0.193268 0.848457 0.848457 1 1 0
-0.20291 0.851113 0.851113 1 1 0
-0.212572 0.853693 0.853693 1 1 0
-0.222252 0.8562 0.8562 1 1 0
-0.231951 0.858639 0.858639 1 1 0
-0.241665 0.861013 0.861013 1 1 0
-0.251394 0.863326 0.863326 1 1 0
-0.261136 0.865582 0.865582 1 1 0
-0.270891 0.867783 0.867783 1 1 0
-0.280658 0.869931 0.869931 1 1 0
-0.290435 0.872031 0.872031 1 1 0
-0.300223 0.874083 0.874083 1 1 0
-0.310019 0.876091 0.876091 1 1 0
-0.319824 0.878055 0.878055 1 1 0
-0.329638 0.879979 0.879979 1 1 0
-0.339458 0.881864 0.881864 1 1 0
-0.349286 0.883711 0.883711 1 1 0
-0.359121 0.885522 0.885522 1 1 0
-0.368962 0.887299 0.887299 1 1 0
-0.378809 0.889043 0.889043 1 1 0
-0.388661 0.890755 0.890755 1 1 0
-0.398519 0.892436 0.892436 1 1 0
-0.408382 0.894088 0.894088 1 1 0
-0.418249 0.895712 0.895712 1 1 0
-0.428121 0.897309 0.897309 1 1 0
-0.437997 0.898879 0.898879 1 1 0
-0.447877 0.900424 0.900424 1 1 0
-0.45776 0.901944 0.901944 1 1 0
-0.467648 0.903441 0.903441 1 1 0
-0.477539 0.904915 0.904915 1 1 0
-0.487433 0.906367 0.906367 1 1 0
-0.49733 0.907797 0.907797 1 1 0
-0.50723 0.909206 0.909206 1 1 0
