3 10.4887 10.4887 2 1 0
2.99988 10.4883 10.4883 1 1 0
2.99977 10.488 10.488 1 1 0
2.99954 10.4872 10.4872 1 1 0
2.99908 10.4857 10.4857 1 1 0
2.99816 10.4826 10.4826 1 1 0
2.99632 10.4765 10.4765 1 1 0
2.99344 10.4669 10.4669 1 1 0
2.99057 10.4573 10.4573 1 1 0
2.98769 10.4477 10.4477 1 1 0
2.98481 10.4382 10.4382 1 1 0
2.98194 10.4286 10.4286 1 1 0
2.97906 10.419 10.419 1 1 0
2.97618 10.4094 10.4094 1 1 0
2.97331 10.3998 10.3998 1 1 0
2.97043 10.3903 10.3903 1 1 0
2.96755 10.3807 10.3807 1 1 0
2.96468 10.3711 10.3711 1 1 0
2.9618 10.3615 10.3615 1 1 0
2.95892 10.352 10.352 1 1 0
2.95605 10.3424 10.3424 1 1 0
2.95317 10.3328 10.3328 1 1 0
2.95029 10.3232 10.3232 1 1 0
2.94742 10.3136 10.3136 1 1 0
2.94454 10.3041 10.3041 1 1 0
2.94167 10.2945 10.2945 1 1 0
2.93879 10.2849 10.2849 1 1 0
2.93591 10.2753 10.2753 1 1 0
2.93304 10.2658 10.2658 1 1 0
2.93016 10.2562 10.2562 1 1 0
2.92728 10.2466 10.2466 1 1 0
2.92441 10.237 10.237 1 1 0
2.92153 10.2275 10.2275 1 1 0
2.91865 10.2179 10.2179 1 1 0
2.91578 10.2083 10.2083 1 1 0
2.9129 10.1987 10.1987 1 1 0
2.91002 10.1891 10.1891 1 1 0
2.90715 10.1796 10.1796 1 1 0
2.90427 10.17 10.17 1 1 0
2.9014 10.1604 10.1604 1 1 0
2.89852 10.1508 10.1508 1 1 0
2.89564 10.1413 10.1413 1 1 0
2.89277 10.1317 10.1317 1 1 0
2.88989 10.1221 10.1221 1 1 0
2.88701 10.1125 10.1125 1 1 0
2.88414 10.1029 10.1029 1 1 0
2.88126 10.0934 10.0934 1 1 0
2.87838 10.0838 10.0838 1 1 0
2.87551 10.0742 10.0742 1 1 0
2.87263 10.0646 10.0646 1 1 0
2.86975 10.0551 10.0551 1 1 0
2.86688 10.0455 10.0455 1 1 0
2.864 10.0359 10.0359 1 1 0
2.86112 10.0263 10.0263 1 1 0
2.85825 10.0167 10.0167 1 1 0
2.85537 10.0072 10.0072 1 1 0
2.8525 9.99759 9.99759 1 1 0
2.84962 9.98802 9.98802 1 1 0
2.84674 9.97844 9.97844 1 1 0
2.84387 9.96886 9.96886 1 1 0
2.84099 9.95928 9.95928 1 1 0
2.83811 9.94971 9.94971 1 1 0
2.83524 9.94013 9.94013 1 1 0
2.83236 9.93055 9.93055 1 1 0
2.82948 9.92097 9.92097 1 1 0
2.82661 9.9114 9.9114 1 1 0
2.82373 9.90182 9.90182 1 1 0
2.82085 9.89224 9.89224 1 1 0
2.81798 9.88267 9.88267 1 1 0
2.8151 9.87309 9.87309 1 1 0
2.81222 9.86351 9.86351 1 1 0
2.80935 9.85393 9.85393 1 1 0
2.80647 9.84436 9.84436 1 1 0
2.8036 9.83478 9.83478 1 1 0
2.80072 9.8252 9.8252 1 1 0
2.79784 9.81562 9.81562 1 1 0
2.79497 9.80605 9.80605 1 1 0
2.79209 9.79647 9.79647 1 1 0
2.78921 9.78689 9.78689 1 1 0
2.78634 9.77731 9.77731 1 1 0
2.78346 9.76774 9.76774 1 1 0
2.78058 9.75816 9.75816 1 1 0
2.77771 9.74858 9.74858 1 1 0
2.77483 9.739 9.739 1 1 0
2.77195 9.72943 9.72943 1 1 0
2.76908 9.71985 9.71985 1 1 0
2.7662 9.71027 9.71027 1 1 0
2.76333 9.7007 9.7007 1 1 0
2.76045 9.69112 9.69112 1 1 0
2.75757 9.68154 9.68154 1 1 0
2.7547 9.67196 9.67196 1 1 0
2.75182 9.66239 9.66239 1 1 0
2.74894 9.65281 9.65281 1 1 0
2.74607 9.64323 9.64323 1 1 0
2.74319 9.63365 9.63365 1 1 0
2.74031 9.62408 9.62408 1 1 0
2.73744 9.6145 9.6145 1 1 0
2.73456 9.60492 9.60492 1 1 0
2.73168 9.59534 9.59534 1 1 0
2.72881 9.58577 9.58577 1 1 0
2.72593 9.57619 9.57619 1 1 0
2.72305 9.56661 9.56661 1 1 0
2.72018 9.55703 9.55703 1 1 0
2.7173 9.54746 9.54746 1 1 0
2.71443 9.53788 9.53788 1 1 0
2.71155 9.5283 9.5283 1 1 0
2.70867 9.51873 9.51873 1 1 0
2.7058 9.50915 9.50915 1 1 0
2.70292 9.49957 9.49957 1 1 0
2.70004 9.48999 9.48999 1 1 0
2.69717 9.48042 9.48042 1 1 0
2.69429 9.47084 9.47084 1 1 0
2.69141 9.46126 9.46126 1 1 0
2.68854 9.45168 9.45168 1 1 0
2.68566 9.44211 9.44211 1 1 0
2.68278 9.43253 9.43253 1 1 0
2.67991 9.42295 9.42295 1 1 0
2.67703 9.41337 9.41337 1 1 0
2.67416 9.4038 9.4038 1 1 0
2.67128 9.39422 9.39422 1 1 0
2.6684 9.38464 9.38464 1 1 0
2.66553 9.37506 9.37506 1 1 0
2.66265 9.36549 9.36549 1 1 0
2.65977 9.35591 9.35591 1 1 0
2.6569 9.34633 9.34633 1 1 0
2.65402 9.33676 9.33676 1 1 0
2.65114 9.32718 9.32718 1 1 0
2.64827 9.3176 9.3176 1 1 0
2.64539 9.30802 9.30802 1 1 0
2.64251 9.29845 9.29845 1 1 0
2.63964 9.28887 9.28887 1 1 0
2.63676 9.27929 9.27929 1 1 0
2.63388 9.26971 9.26971 1 1 0
2.63101 9.26014 9.26014 1 1 0
2.62813 9.25056 9.25056 1 1 0
2.62526 9.24098 9.24098 1 1 0
2.62238 9.2314 9.2314 1 1 0
2.6195 9.22183 9.22183 1 1 0
2.61663 9.21225 9.21225 1 1 0
2.61375 9.20267 9.20267 1 1 0
2.61087 9.19309 9.19309 1 1 0
2.608 9.18352 9.18352 1 1 0
2.60512 9.17394 9.17394 1 1 0
2.60224 9.16436 9.16436 1 1 0
2.59937 9.15479 9.15479 1 1 0
2.59649 9.14521 9.14521 1 1 0
2.59361 9.13563 9.13563 1 1 0
2.59074 9.12605 9.12605 1 1 0
2.58786 9.11648 9.11648 1 1 0
2.58499 9.1069 9.1069 1 1 0
2.58211 9.09732 9.09732 1 1 0
2.57923 9.08774 9.08774 1 1 0
2.57636 9.07817 9.07817 1 1 0
2.57348 9.06859 9.06859 1 1 0
2.5706 9.05901 9.05901 1 1 0
2.56773 9.04943 9.04943 1 1 0
2.56485 9.03986 9.03986 1 1 0
2.56197 9.03028 9.03028 1 1 0
2.5591 9.0207 9.0207 1 1 0
2.55622 9.01112 9.01112 1 1 0
2.55334 9.00155 9.00155 1 1 0
2.55047 8.99197 8.99197 1 1 0
2.54759 8.98239 8.98239 1 1 0
2.54471 8.97282 8.97282 1 1 0
2.54184 8.96324 8.96324 1 1 0
2.53896 8.95366 8.95366 1 1 0
2.53609 8.94408 8.94408 1 1 0
2.53321 8.93451 8.93451 1 1 0
2.53033 8.92493 8.92493 1 1 0
2.52746 8.91535 8.91535 1 1 0
2.52458 8.90577 8.90577 1 1 0
2.5217 8.8962 8.8962 1 1 0
2.51883 8.88662 8.88662 1 1 0
2.51595 8.87704 8.87704 1 1 0
2.51307 8.86746 8.86746 1 1 0
2.5102 8.85789 8.85789 1 1 0
2.50732 8.84831 8.84831 1 1 0
2.50444 8.83873 8.83873 1 1 0
2.50157 8.82915 8.82915 1 1 0
2.49869 8.81958 8.81958 1 1 0
2.49581 8.81 8.81 1 1 0
2.49294 8.80042 8.80042 1 1 0
2.49006 8.79085 8.79085 1 1 0
2.48719 8.78127 8.78127 1 1 0
2.48431 8.77169 8.77169 1 1 0
2.48143 8.76211 8.76211 1 1 0
2.47856 8.75254 8.75254 1 1 0
2.47568 8.74296 8.74296 1 1 0
2.4728 8.73338 8.73338 1 1 0
2.46993 8.7238 8.7238 1 1 0
2.46705 8.71423 8.71423 1 1 0
2.46417 8.70465 8.70465 1 1 0
2.4613 8.69507 8.69507 1 1 0
2.45842 8.68549 8.68549 1 1 0
2.45554 8.67592 8.67592 1 1 0
2.45267 8.66634 8.66634 1 1 0
2.44979 8.65676 8.65676 1 1 0
2.44692 8.64718 8.64718 1 1 0
2.44404 8.63761 8.63761 1 1 0
2.44116 8.62803 8.62803 1 1 0
2.43829 8.61845 8.61845 1 1 0
2.43541 8.60887 8.60887 1 1 0
2.43253 8.5993 8.5993 1 1 0
2.42966 8.58972 8.58972 1 1 0
2.42678 8.58014 8.58014 1 1 0
2.4239 8.57057 8.57057 1 1 0
2.42103 8.56099 8.56099 1 1 0
2.41815 8.55141 8.55141 1 1 0
2.41527 8.54183 8.54183 1 1 0
2.4124 8.53226 8.53226 1 1 0
2.40952 8.52268 8.52268 1 1 0
2.40664 8.5131 8.5131 1 1 0
2.40377 8.50352 8.50352 1 1 0
2.40089 8.49395 8.49395 1 1 0
2.39802 8.48437 8.48437 1 1 0
2.39514 8.47479 8.47479 1 1 0
2.39226 8.46521 8.46521 1 1 0
2.38939 8.45564 8.45564 1 1 0
2.38651 8.44606 8.44606 1 1 0
2.38363 8.43648 8.43648 1 1 0
2.38076 8.4269 8.4269 1 1 0
2.37788 8.41733 8.41733 1 1 0
2.375 8.40775 8.40775 1 1 0
2.37213 8.39817 8.39817 1 1 0
2.36925 8.3886 8.3886 1 1 0
2.36637 8.37902 8.37902 1 1 0
2.3635 8.36944 8.36944 1 1 0
2.36062 8.35986 8.35986 1 1 0
2.35775 8.35029 8.35029 1 1 0
2.35487 8.34071 8.34071 1 1 0
2.35199 8.33113 8.33113 1 1 0
2.34912 8.32155 8.32155 1 1 0
2.34624 8.31198 8.31198 1 1 0
2.34336 8.3024 8.3024 1 1 0
2.34049 8.29282 8.29282 1 1 0
2.33761 8.28324 8.28324 1 1 0
2.33473 8.27367 8.27367 1 1 0
2.33186 8.26409 8.26409 1 1 0
2.32898 8.25451 8.25451 1 1 0
2.3261 8.24493 8.24493 1 1 0
2.32323 8.23536 8.23536 1 1 0
2.32035 8.22578 8.22578 1 1 0
2.31747 8.2162 8.2162 1 1 0
2.3146 8.20663 8.20663 1 1 0
2.31172 8.19705 8.19705 1 1 0
2.30885 8.18747 8.18747 1 1 0
2.30597 8.17789 8.17789 1 1 0
2.30309 8.16832 8.16832 1 1 0
2.30022 8.15874 8.15874 1 1 0
2.29734 8.14916 8.14916 1 1 0
2.29446 8.13958 8.13958 1 1 0
2.29159 8.13001 8.13001 1 1 0
2.28871 8.12043 8.12043 1 1 0
2.28583 8.11085 8.11085 1 1 0
2.28296 8.10127 8.10127 1 1 0
2.28008 8.0917 8.0917 1 1 0
2.2772 8.08212 8.08212 1 1 0
2.27433 8.07254 8.07254 1 1 0
2.27145 8.06296 8.06296 1 1 0
2.26857 8.05339 8.05339 1 1 0
2.2657 8.04381 8.04381 1 1 0
2.26282 8.03423 8.03423 1 1 0
2.25995 8.02466 8.02466 1 1 0
2.25707 8.01508 8.01508 1 1 0
2.25419 8.0055 8.0055 1 1 0
2.25132 7.99592 7.99592 1 1 0
2.24844 7.98635 7.98635 1 1 0
2.24556 7.97677 7.97677 1 1 0
2.24269 7.96719 7.96719 1 1 0
2.23981 7.95761 7.95761 1 1 0
2.23693 7.94804 7.94804 1 1 0
2.23406 7.93846 7.93846 1 1 0
2.23118 7.92888 7.92888 1 1 0
2.2283 7.9193 7.9193 1 1 0
2.22543 7.90973 7.90973 1 1 0
2.22255 7.90015 7.90015 1 1 0
2.21968 7.89057 7.89057 1 1 0
2.2168 7.88099 7.88099 1 1 0
2.21392 7.87142 7.87142 1 1 0
2.21105 7.86184 7.86184 1 1 0
2.20817 7.85226 7.85226 1 1 0
2.20529 7.84269 7.84269 1 1 0
2.20242 7.83311 7.83311 1 1 0
2.19954 7.82353 7.82353 1 1 0
2.19666 7.81395 7.81395 1 1 0
2.19379 7.80438 7.80438 1 1 0
2.19091 7.7948 7.7948 1 1 0
2.18803 7.78522 7.78522 1 1 0
2.18516 7.77564 7.77564 1 1 0
2.18228 7.76607 7.76607 1 1 0
2.1794 7.75649 7.75649 1 1 0
2.17653 7.74691 7.74691 1 1 0
2.17365 7.73733 7.73733 1 1 0
2.17078 7.72776 7.72776 1 1 0
2.1679 7.71818 7.71818 1 1 0
2.16502 7.7086 7.7086 1 1 0
2.16215 7.69902 7.69902 1 1 0
2.15927 7.68945 7.68945 1 1 0
2.15639 7.67987 7.67987 1 1 0
2.15352 7.67029 7.67029 1 1 0
2.15064 7.66072 7.66072 1 1 0
2.14776 7.65114 7.65114 1 1 0
2.14489 7.64156 7.64156 1 1 0
2.14201 7.63198 7.63198 1 1 0
2.13913 7.62241 7.62241 1 1 0
2.13626 7.61283 7.61283 1 1 0
2.13338 7.60325 7.60325 1 1 0
2.13051 7.59367 7.59367 1 1 0
2.12763 7.5841 7.5841 1 1 0
2.12475 7.57452 7.57452 1 1 0
2.12188 7.56494 7.56494 1 1 0
2.119 7.55536 7.55536 1 1 0
2.11612 7.54579 7.54579 1 1 0
2.11325 7.53621 7.53621 1 1 0
2.11037 7.52663 7.52663 1 1 0
2.10749 7.51705 7.51705 1 1 0
2.10462 7.50748 7.50748 1 1 0
2.10174 7.4979 7.4979 1 1 0
2.09886 7.48832 7.48832 1 1 0
2.09599 7.47875 7.47875 1 1 0
2.09311 7.46917 7.46917 1 1 0
2.09023 7.45959 7.45959 1 1 0
2.08736 7.45001 7.45001 1 1 0
2.08448 7.44044 7.44044 1 1 0
2.08161 7.43086 7.43086 1 1 0
2.07873 7.42128 7.42128 1 1 0
2.07585 7.4117 7.4117 1 1 0
2.07298 7.40213 7.40213 1 1 0
2.0701 7.39255 7.39255 1 1 0
2.06722 7.38297 7.38297 1 1 0
2.06435 7.37339 7.37339 1 1 0
2.06147 7.36382 7.36382 1 1 0
2.05859 7.35424 7.35424 1 1 0
2.05572 7.34466 7.34466 1 1 0
2.05284 7.33508 7.33508 1 1 0
2.04996 7.32551 7.32551 1 1 0
2.04709 7.31593 7.31593 1 1 0
2.04421 7.30635 7.30635 1 1 0
2.04133 7.29678 7.29678 1 1 0
2.03846 7.2872 7.2872 1 1 0
2.03558 7.27762 7.27762 1 1 0
2.03271 7.26804 7.26804 1 1 0
2.02983 7.25847 7.25847 1 1 0
2.02695 7.24889 7.24889 1 1 0
2.02408 7.23931 7.23931 1 1 0
2.0212 7.22973 7.22973 1 1 0
2.01832 7.22016 7.22016 1 1 0
2.01545 7.21058 7.21058 1 1 0
2.01257 7.201 7.201 1 1 0
2.00969 7.19142 7.19142 1 1 0
2.00682 7.18185 7.18185 1 1 0
2.00394 7.17227 7.17227 1 1 0
2.00106 7.16269 7.16269 1 1 0
1.99819 7.15311 7.15311 1 1 0
1.99531 7.14354 7.14354 1 1 0
1.99244 7.13396 7.13396 1 1 0
1.98956 7.12438 7.12438 1 1 0
1.98668 7.11481 7.11481 1 1 0
1.98381 7.10523 7.10523 1 1 0
1.98093 7.09565 7.09565 1 1 0
1.97805 7.08607 7.08607 1 1 0
1.97518 7.0765 7.0765 1 1 0
1.9723 7.06692 7.06692 1 1 0
1.96942 7.05734 7.05734 1 1 0
1.96655 7.04776 7.04776 1 1 0
1.96367 7.03819 7.03819 1 1 0
1.96079 7.02861 7.02861 1 1 0
1.95792 7.01903 7.01903 1 1 0
1.95504 7.00945 7.00945 1 1 0
1.95216 6.99988 6.99988 1 1 0
1.94929 6.9903 6.9903 1 1 0
1.94641 6.98072 6.98072 1 1 0
1.94354 6.97114 6.97114 1 1 0
1.94066 6.96157 6.96157 1 1 0
1.93778 6.95199 6.95199 1 1 0
1.93491 6.94241 6.94241 1 1 0
1.93203 6.93284 6.93284 1 1 0
1.92915 6.92326 6.92326 1 1 0
1.92628 6.91368 6.91368 1 1 0
1.9234 6.9041 6.9041 1 1 0
1.92052 6.89453 6.89453 1 1 0
1.91765 6.88495 6.88495 1 1 0
1.91477 6.87537 6.87537 1 1 0
1.91189 6.86579 6.86579 1 1 0
1.90902 6.85622 6.85622 1 1 0
1.90614 6.84664 6.84664 1 1 0
1.90327 6.83706 6.83706 1 1 0
1.90039 6.82748 6.82748 1 1 0
1.89751 6.81791 6.81791 1 1 0
1.89464 6.80833 6.80833 1 1 0
1.89176 6.79875 6.79875 1 1 0
1.88888 6.78917 6.78917 1 1 0
1.88601 6.7796 6.7796 1 1 0
1.88313 6.77002 6.77002 1 1 0
1.88025 6.76044 6.76044 1 1 0
1.87738 6.75087 6.75087 1 1 0
1.8745 6.74129 6.74129 1 1 0
1.87162 6.73171 6.73171 1 1 0
1.86875 6.72213 6.72213 1 1 0
1.86587 6.71256 6.71256 1 1 0
1.86299 6.70298 6.70298 1 1 0
1.86012 6.6934 6.6934 1 1 0
1.85724 6.68382 6.68382 1 1 0
1.85437 6.67425 6.67425 1 1 0
1.85149 6.66467 6.66467 1 1 0
1.84861 6.65509 6.65509 1 1 0
1.84574 6.64551 6.64551 1 1 0
1.84286 6.63594 6.63594 1 1 0
1.83998 6.62636 6.62636 1 1 0
1.83711 6.61678 6.61678 1 1 0
1.83423 6.6072 6.6072 1 1 0
1.83135 6.59763 6.59763 1 1 0
1.82848 6.58805 6.58805 1 1 0
1.8256 6.57847 6.57847 1 1 0
1.82272 6.5689 6.5689 1 1 0
1.81985 6.55932 6.55932 1 1 0
1.81697 6.54974 6.54974 1 1 0
1.81409 6.54016 6.54016 1 1 0
1.81122 6.53059 6.53059 1 1 0
1.80834 6.52101 6.52101 1 1 0
1.80547 6.51143 6.51143 1 1 0
1.80259 6.50185 6.50185 1 1 0
1.79971 6.49228 6.49228 1 1 0
1.79684 6.4827 6.4827 1 1 0
1.79396 6.47312 6.47312 1 1 0
1.79108 6.46354 6.46354 1 1 0
1.78821 6.45397 6.45397 1 1 0
1.78533 6.44439 6.44439 1 1 0
1.78245 6.43481 6.43481 1 1 0
1.77958 6.42523 6.42523 1 1 0
1.7767 6.41566 6.41566 1 1 0
1.77382 6.40608 6.40608 1 1 0
1.77095 6.3965 6.3965 1 1 0
1.76807 6.38693 6.38693 1 1 0
1.7652 6.37735 6.37735 1 1 0
1.76232 6.36777 6.36777 1 1 0
1.75944 6.35819 6.35819 1 1 0
1.75657 6.34862 6.34862 1 1 0
1.75369 6.33904 6.33904 1 1 0
1.75081 6.32946 6.32946 1 1 0
1.74794 6.31988 6.31988 1 1 0
1.74506 6.31031 6.31031 1 1 0
1.74218 6.30073 6.30073 1 1 0
1.73931 6.29115 6.29115 1 1 0
1.73643 6.28157 6.28157 1 1 0
1.73355 6.272 6.272 1 1 0
1.73068 6.26242 6.26242 1 1 0
1.7278 6.25284 6.25284 1 1 0
1.72492 6.24326 6.24326 1 1 0
1.72205 6.23369 6.23369 1 1 0
1.71917 6.22411 6.22411 1 1 0
1.7163 6.21453 6.21453 1 1 0
1.71342 6.20495 6.20495 1 1 0
1.71054 6.19538 6.19538 1 1 0
1.70767 6.1858 6.1858 1 1 0
1.70479 6.17622 6.17622 1 1 0
1.70191 6.16665 6.16665 1 1 0
1.69904 6.15707 6.15707 1 1 0
1.69616 6.14749 6.14749 1 1 0
1.69328 6.13791 6.13791 1 1 0
1.69041 6.12834 6.12834 1 1 0
1.68753 6.11876 6.11876 1 1 0
1.68465 6.10918 6.10918 1 1 0
1.68178 6.0996 6.0996 1 1 0
1.6789 6.09003 6.09003 1 1 0
1.67603 6.08045 6.08045 1 1 0
1.67315 6.07087 6.07087 1 1 0
1.67027 6.06129 6.06129 1 1 0
1.6674 6.05172 6.05172 1 1 0
1.66452 6.04214 6.04214 1 1 0
1.66164 6.03256 6.03256 1 1 0
1.65877 6.02298 6.02298 1 1 0
1.65589 6.01341 6.01341 1 1 0
1.65301 6.00383 6.00383 1 1 0
1.65014 5.99425 5.99425 1 1 0
1.64726 5.98468 5.98468 1 1 0
1.64438 5.9751 5.9751 1 1 0
1.64151 5.96552 5.96552 1 1 0
1.63863 5.95594 5.95594 1 1 0
1.63575 5.94637 5.94637 1 1 0
1.63288 5.93679 5.93679 1 1 0
1.63 5.92721 5.92721 1 1 0
1.62713 5.91763 5.91763 1 1 0
1.62425 5.90806 5.90806 1 1 0
1.62137 5.89848 5.89848 1 1 0
1.6185 5.8889 5.8889 1 1 0
1.61562 5.87932 5.87932 1 1 0
1.61274 5.86975 5.86975 1 1 0
1.60987 5.86017 5.86017 1 1 0
1.60699 5.85059 5.85059 1 1 0
1.60411 5.84101 5.84101 1 1 0
1.60124 5.83144 5.83144 1 1 0
1.59836 5.82186 5.82186 1 1 0
1.59548 5.81228 5.81228 1 1 0
1.59261 5.80271 5.80271 1 1 0
1.58973 5.79313 5.79313 1 1 0
1.58685 5.78355 5.78355 1 1 0
1.58398 5.77397 5.77397 1 1 0
1.5811 5.7644 5.7644 1 1 0
1.57823 5.75482 5.75482 1 1 0
1.57535 5.74524 5.74524 1 1 0
1.57247 5.73566 5.73566 1 1 0
1.5696 5.72609 5.72609 1 1 0
1.56672 5.71651 5.71651 1 1 0
1.56384 5.70693 5.70693 1 1 0
1.56097 5.69735 5.69735 1 1 0
1.55809 5.68778 5.68778 1 1 0
1.55521 5.6782 5.6782 1 1 0
1.55234 5.66862 5.66862 1 1 0
1.54946 5.65904 5.65904 1 1 0
1.54658 5.64947 5.64947 1 1 0
1.54371 5.63989 5.63989 1 1 0
1.54083 5.63031 5.63031 1 1 0
1.53796 5.62074 5.62074 1 1 0
1.53508 5.61116 5.61116 1 1 0
1.5322 5.60158 5.60158 1 1 0
1.52933 5.592 5.592 1 1 0
1.52645 5.58243 5.58243 1 1 0
1.52357 5.57285 5.57285 1 1 0
1.5207 5.56327 5.56327 1 1 0
1.51782 5.55369 5.55369 1 1 0
1.51494 5.54412 5.54412 1 1 0
1.51207 5.53454 5.53454 1 1 0
1.50919 5.52496 5.52496 1 1 0
1.50631 5.51538 5.51538 1 1 0
1.50344 5.50581 5.50581 1 1 0
1.50056 5.49623 5.49623 1 1 0
1.49768 5.48665 5.48665 1 1 0
1.49481 5.47707 5.47707 1 1 0
1.49193 5.4675 5.4675 1 1 0
1.48906 5.45792 5.45792 1 1 0
1.48618 5.44834 5.44834 1 1 0
1.4833 5.43877 5.43877 1 1 0
1.48043 5.42919 5.42919 1 1 0
1.47755 5.41961 5.41961 1 1 0
1.47467 5.41003 5.41003 1 1 0
1.4718 5.40046 5.40046 1 1 0
1.46892 5.39088 5.39088 1 1 0
1.46604 5.3813 5.3813 1 1 0
1.46317 5.37172 5.37172 1 1 0
1.46029 5.36215 5.36215 1 1 0
1.45741 5.35257 5.35257 1 1 0
1.45454 5.34299 5.34299 1 1 0
1.45166 5.33341 5.33341 1 1 0
1.44879 5.32384 5.32384 1 1 0
1.44591 5.31426 5.31426 1 1 0
1.44303 5.30468 5.30468 1 1 0
1.44016 5.2951 5.2951 1 1 0
1.43728 5.28553 5.28553 1 1 0
1.4344 5.27595 5.27595 1 1 0
1.43153 5.26637 5.26637 1 1 0
1.42865 5.2568 5.2568 1 1 0
1.42577 5.24722 5.24722 1 1 0
1.4229 5.23764 5.23764 1 1 0
1.42002 5.22806 5.22806 1 1 0
1.41714 5.21849 5.21849 1 1 0
1.41427 5.20891 5.20891 1 1 0
1.41139 5.19933 5.19933 1 1 0
1.40851 5.18975 5.18975 1 1 0
1.40564 5.18018 5.18018 1 1 0
1.40276 5.1706 5.1706 1 1 0
1.39989 5.16102 5.16102 1 1 0
1.39701 5.15144 5.15144 1 1 0
1.39413 5.14187 5.14187 1 1 0
1.39126 5.13229 5.13229 1 1 0
1.38838 5.12271 5.12271 1 1 0
1.3855 5.11313 5.11313 1 1 0
1.38263 5.10356 5.10356 1 1 0
1.37975 5.09398 5.09398 1 1 0
1.37687 5.0844 5.0844 1 1 0
1.374 5.07483 5.07483 1 1 0
1.37112 5.06525 5.06525 1 1 0
1.36824 5.05567 5.05567 1 1 0
1.36537 5.04609 5.04609 1 1 0
1.36249 5.03652 5.03652 1 1 0
1.35961 5.02694 5.02694 1 1 0
1.35674 5.01736 5.01736 1 1 0
1.35386 5.00778 5.00778 1 1 0
1.35099 4.99821 4.99821 1 1 0
1.34811 4.98863 4.98863 1 1 0
1.34523 4.97905 4.97905 1 1 0
1.34236 4.96947 4.96947 1 1 0
1.33948 4.9599 4.9599 1 1 0
1.3366 4.95032 4.95032 1 1 0
1.33373 4.94074 4.94074 1 1 0
1.33085 4.93116 4.93116 1 1 0
1.32797 4.92159 4.92159 1 1 0
1.3251 4.91201 4.91201 1 1 0
1.32222 4.90243 4.90243 1 1 0
1.31934 4.89286 4.89286 1 1 0
1.31647 4.88328 4.88328 1 1 0
1.31359 4.8737 4.8737 1 1 0
1.31072 4.86412 4.86412 1 1 0
1.30784 4.85455 4.85455 1 1 0
1.30496 4.84497 4.84497 1 1 0
1.30209 4.83539 4.83539 1 1 0
1.29921 4.82581 4.82581 1 1 0
1.29633 4.81624 4.81624 1 1 0
1.29346 4.80666 4.80666 1 1 0
1.29058 4.79708 4.79708 1 1 0
1.2877 4.7875 4.7875 1 1 0
1.28483 4.77793 4.77793 1 1 0
1.28195 4.76835 4.76835 1 1 0
1.27907 4.75877 4.75877 1 1 0
1.2762 4.74919 4.74919 1 1 0
1.27332 4.73962 4.73962 1 1 0
1.27044 4.73004 4.73004 1 1 0
1.26757 4.72046 4.72046 1 1 0
1.26469 4.71089 4.71089 1 1 0
1.26182 4.70131 4.70131 1 1 0
1.25894 4.69173 4.69173 1 1 0
1.25606 4.68215 4.68215 1 1 0
1.25319 4.67258 4.67258 1 1 0
1.25031 4.663 4.663 1 1 0
1.24743 4.65342 4.65342 1 1 0
1.24456 4.64384 4.64384 1 1 0
1.24168 4.63427 4.63427 1 1 0
1.2388 4.62469 4.62469 1 1 0
1.23593 4.61511 4.61511 1 1 0
1.23305 4.60553 4.60553 1 1 0
1.23017 4.59596 4.59596 1 1 0
1.2273 4.58638 4.58638 1 1 0
1.22442 4.5768 4.5768 1 1 0
1.22155 4.56722 4.56722 1 1 0
1.21867 4.55765 4.55765 1 1 0
1.21579 4.54807 4.54807 1 1 0
1.21292 4.53849 4.53849 1 1 0
1.21004 4.52892 4.52892 1 1 0
1.20716 4.51934 4.51934 1 1 0
1.20429 4.50976 4.50976 1 1 0
1.20141 4.50018 4.50018 1 1 0
1.19853 4.49061 4.49061 1 1 0
1.19566 4.48103 4.48103 1 1 0
1.19278 4.47145 4.47145 1 1 0
1.1899 4.46187 4.46187 1 1 0
1.18703 4.4523 4.4523 1 1 0
1.18415 4.44272 4.44272 1 1 0
1.18127 4.43314 4.43314 1 1 0
1.1784 4.42356 4.42356 1 1 0
1.17552 4.41399 4.41399 1 1 0
1.17265 4.40441 4.40441 1 1 0
1.16977 4.39483 4.39483 1 1 0
1.16689 4.38525 4.38525 1 1 0
1.16402 4.37568 4.37568 1 1 0
1.16114 4.3661 4.3661 1 1 0
1.15826 4.35652 4.35652 1 1 0
1.15539 4.34695 4.34695 1 1 0
1.15251 4.33737 4.33737 1 1 0
1.14963 4.32779 4.32779 1 1 0
1.14676 4.31821 4.31821 1 1 0
1.14388 4.30864 4.30864 1 1 0
1.141 4.29906 4.29906 1 1 0
1.13813 4.28948 4.28948 1 1 0
1.13525 4.2799 4.2799 1 1 0
1.13237 4.27033 4.27033 1 1 0
1.1295 4.26075 4.26075 1 1 0
1.12662 4.25117 4.25117 1 1 0
1.12375 4.24159 4.24159 1 1 0
1.12087 4.23202 4.23202 1 1 0
1.11799 4.22244 4.22244 1 1 0
1.11512 4.21286 4.21286 1 1 0
1.11224 4.20328 4.20328 1 1 0
1.10936 4.19371 4.19371 1 1 0
1.10649 4.18413 4.18413 1 1 0
1.10361 4.17455 4.17455 1 1 0
1.10073 4.16498 4.16498 1 1 0
1.09786 4.1554 4.1554 1 1 0
1.09498 4.14582 4.14582 1 1 0
1.0921 4.13624 4.13624 1 1 0
1.08923 4.12667 4.12667 1 1 0
1.08635 4.11709 4.11709 1 1 0
1.08348 4.10751 4.10751 1 1 0
1.0806 4.09793 4.09793 1 1 0
1.07772 4.08836 4.08836 1 1 0
1.07485 4.07878 4.07878 1 1 0
1.07197 4.0692 4.0692 1 1 0
1.06909 4.05962 4.05962 1 1 0
1.06622 4.05005 4.05005 1 1 0
1.06334 4.04047 4.04047 1 1 0
1.06046 4.03089 4.03089 1 1 0
1.05759 4.02131 4.02131 1 1 0
1.05471 4.01174 4.01174 1 1 0
1.05183 4.00216 4.00216 1 1 0
1.04896 3.99258 3.99258 1 1 0
1.04608 3.98301 3.98301 1 1 0
1.0432 3.97343 3.97343 1 1 0
1.04033 3.96385 3.96385 1 1 0
1.03745 3.95427 3.95427 1 1 0
1.03458 3.9447 3.9447 1 1 0
1.0317 3.93512 3.93512 1 1 0
1.02882 3.92554 3.92554 1 1 0
1.02595 3.91596 3.91596 1 1 0
1.02307 3.90639 3.90639 1 1 0
1.02019 3.89681 3.89681 1 1 0
1.01732 3.88723 3.88723 1 1 0
1.01444 3.87765 3.87765 1 1 0
1.01156 3.86808 3.86808 1 1 0
1.00869 3.8585 3.8585 1 1 0
1.00581 3.84892 3.84892 1 1 0
1.00293 3.83934 3.83934 1 1 0
1.00006 3.82977 3.82977 1 1 0
0.997181 3.82019 3.82019 1 1 0
0.994305 3.81061 3.81061 1 1 0
0.991429 3.80104 3.80104 1 1 0
0.988552 3.79146 3.79146 1 1 0
0.985676 3.78188 3.78188 1 1 0
0.982799 3.7723 3.7723 1 1 0
0.979923 3.76273 3.76273 1 1 0
0.977046 3.75315 3.75315 1 1 0
0.97417 3.74357 3.74357 1 1 0
0.971293 3.73399 3.73399 1 1 0
0.968417 3.72442 3.72442 1 1 0
0.96554 3.71484 3.71484 1 1 0
0.962664 3.70526 3.70526 1 1 0
0.959788 3.69568 3.69568 1 1 0
0.956911 3.68611 3.68611 1 1 0
0.954035 3.67653 3.67653 1 1 0
0.951158 3.66695 3.66695 1 1 0
0.948282 3.65737 3.65737 1 1 0
0.945405 3.6478 3.6478 1 1 0
0.942529 3.63822 3.63822 1 1 0
0.939652 3.62864 3.62864 1 1 0
0.936776 3.61907 3.61907 1 1 0
0.933899 3.60949 3.60949 1 1 0
0.931023 3.59991 3.59991 1 1 0
0.928146 3.59033 3.59033 1 1 0
0.92527 3.58076 3.58076 1 1 0
0.922394 3.57118 3.57118 1 1 0
0.919517 3.5616 3.5616 1 1 0
0.916641 3.55202 3.55202 1 1 0
0.913764 3.54245 3.54245 1 1 0
0.910888 3.53287 3.53287 1 1 0
0.908011 3.52329 3.52329 1 1 0
0.905135 3.51371 3.51371 1 1 0
0.902258 3.50414 3.50414 1 1 0
0.899382 3.49456 3.49456 1 1 0
0.896505 3.48498 3.48498 1 1 0
0.893629 3.4754 3.4754 1 1 0
0.890752 3.46583 3.46583 1 1 0
0.887876 3.45625 3.45625 1 1 0
0.885 3.44667 3.44667 1 1 0
0.882123 3.4371 3.4371 1 1 0
0.879247 3.42752 3.42752 1 1 0
0.87637 3.41794 3.41794 1 1 0
0.873494 3.40836 3.40836 1 1 0
0.870617 3.39879 3.39879 1 1 0
0.867741 3.38921 3.38921 1 1 0
0.864864 3.37963 3.37963 1 1 0
0.861988 3.37005 3.37005 1 1 0
0.859111 3.36048 3.36048 1 1 0
0.856235 3.3509 3.3509 1 1 0
0.853358 3.34132 3.34132 1 1 0
0.850482 3.33174 3.33174 1 1 0
0.847606 3.32217 3.32217 1 1 0
0.844729 3.31259 3.31259 1 1 0
0.841853 3.30301 3.30301 1 1 0
0.838976 3.29343 3.29343 1 1 0
0.8361 3.28386 3.28386 1 1 0
0.833223 3.27428 3.27428 1 1 0
0.830347 3.2647 3.2647 1 1 0
0.82747 3.25513 3.25513 1 1 0
0.824594 3.24555 3.24555 1 1 0
0.821717 3.23597 3.23597 1 1 0
0.818841 3.22639 3.22639 1 1 0
0.815964 3.21682 3.21682 1 1 0
0.813088 3.20724 3.20724 1 1 0
0.810211 3.19766 3.19766 1 1 0
0.807335 3.18808 3.18808 1 1 0
0.804459 3.17851 3.17851 1 1 0
0.801582 3.16893 3.16893 1 1 0
0.798706 3.15935 3.15935 1 1 0
0.795829 3.14977 3.14977 1 1 0
0.792953 3.1402 3.1402 1 1 0
0.790076 3.13062 3.13062 1 1 0
0.7872 3.12104 3.12104 1 1 0
0.784323 3.11146 3.11146 1 1 0
0.781447 3.10189 3.10189 1 1 0
0.77857 3.09231 3.09231 1 1 0
0.775694 3.08273 3.08273 1 1 0
0.772817 3.07316 3.07316 1 1 0
0.769941 3.06358 3.06358 1 1 0
0.767064 3.054 3.054 1 1 0
0.764188 3.04442 3.04442 1 1 0
0.761312 3.03485 3.03485 1 1 0
0.758435 3.02527 3.02527 1 1 0
0.755559 3.01569 3.01569 1 1 0
0.752682 3.00611 3.00611 1 1 0
0.749806 2.99654 2.99654 1 1 0
0.746929 2.98696 2.98696 1 1 0
0.744053 2.97738 2.97738 1 1 0
0.741176 2.9678 2.9678 1 1 0
0.7383 2.95823 2.95823 1 1 0
0.735423 2.94865 2.94865 1 1 0
0.732547 2.93907 2.93907 1 1 0
0.72967 2.92949 2.92949 1 1 0
0.726794 2.91992 2.91992 1 1 0
0.723917 2.91034 2.91034 1 1 0
0.721041 2.90076 2.90076 1 1 0
0.718164 2.89119 2.89119 1 1 0
0.715288 2.88161 2.88161 1 1 0
0.712411 2.87203 2.87203 1 1 0
0.709535 2.86245 2.86245 1 1 0
0.706658 2.85288 2.85288 1 1 0
0.703782 2.8433 2.8433 1 1 0
0.700906 2.83372 2.83372 1 1 0
0.698029 2.82414 2.82414 1 1 0
0.695153 2.81457 2.81457 1 1 0
0.692276 2.80499 2.80499 1 1 0
0.6894 2.79541 2.79541 1 1 0
0.686523 2.78583 2.78583 1 1 0
0.683647 2.77626 2.77626 1 1 0
0.68077 2.76668 2.76668 1 1 0
0.677894 2.7571 2.7571 1 1 0
0.675017 2.74752 2.74752 1 1 0
0.672141 2.73795 2.73795 1 1 0
0.669264 2.72837 2.72837 1 1 0
0.666388 2.71879 2.71879 1 1 0
0.663511 2.70922 2.70922 1 1 0
0.660635 2.69964 2.69964 1 1 0
0.657758 2.69006 2.69006 1 1 0
0.654882 2.68048 2.68048 1 1 0
0.652005 2.67091 2.67091 1 1 0
0.649129 2.66133 2.66133 1 1 0
0.646252 2.65175 2.65175 1 1 0
0.643376 2.64217 2.64217 1 1 0
0.640499 2.6326 2.6326 1 1 0
0.637623 2.62302 2.62302 1 1 0
0.634746 2.61344 2.61344 1 1 0
0.63187 2.60386 2.60386 1 1 0
0.628993 2.59429 2.59429 1 1 0
0.626117 2.58471 2.58471 1 1 0
0.62324 2.57513 2.57513 1 1 0
0.620364 2.56555 2.56555 1 1 0
0.617487 2.55598 2.55598 1 1 0
0.614611 2.5464 2.5464 1 1 0
0.611734 2.53682 2.53682 1 1 0
0.608858 2.52725 2.52725 1 1 0
0.605981 2.51767 2.51767 1 1 0
0.603104 2.50809 2.50809 1 1 0
0.600228 2.49851 2.49851 1 1 0
0.597351 2.48894 2.48894 1 1 0
0.594475 2.47936 2.47936 1 1 0
0.591598 2.46978 2.46978 1 1 0
0.588722 2.4602 2.4602 1 1 0
0.585845 2.45063 2.45063 1 1 0
0.582969 2.44105 2.44105 1 1 0
0.580092 2.43147 2.43147 1 1 0
0.577216 2.42189 2.42189 1 1 0
0.574339 2.41232 2.41232 1 1 0
0.571463 2.40274 2.40274 1 1 0
0.568586 2.39316 2.39316 1 1 0
0.565709 2.38359 2.38359 1 1 0
0.562833 2.37401 2.37401 1 1 0
0.559956 2.36443 2.36443 1 1 0
0.55708 2.35485 2.35485 1 1 0
0.554203 2.34528 2.34528 1 1 0
0.551327 2.3357 2.3357 1 1 0
0.54845 2.32612 2.32612 1 1 0
0.545573 2.31654 2.31654 1 1 0
0.542697 2.30697 2.30697 1 1 0
0.53982 2.29739 2.29739 1 1 0
0.536944 2.28781 2.28781 1 1 0
0.534067 2.27823 2.27823 1 1 0
0.53119 2.26866 2.26866 1 1 0
0.528314 2.25908 2.25908 1 1 0
0.525437 2.2495 2.2495 1 1 0
0.522561 2.23993 2.23993 1 1 0
0.519684 2.23035 2.23035 1 1 0
0.516807 2.22077 2.22077 1 1 0
0.513931 2.21119 2.21119 1 1 0
0.511054 2.20162 2.20162 1 1 0
0.508177 2.19204 2.19204 1 1 0
0.505301 2.18246 2.18246 1 1 0
0.502424 2.17288 2.17288 1 1 0
0.499547 2.16331 2.16331 1 1 0
0.496671 2.15373 2.15373 1 1 0
0.493794 2.14415 2.14415 1 1 0
0.490917 2.13458 2.13458 1 1 0
0.488041 2.125 2.125 1 1 0
0.485164 2.11542 2.11542 1 1 0
0.482287 2.10584 2.10584 1 1 0
0.47941 2.09627 2.09627 1 1 0
0.476534 2.08669 2.08669 1 1 0
0.473657 2.07711 2.07711 1 1 0
0.47078 2.06753 2.06753 1 1 0
0.467903 2.05796 2.05796 1 1 0
0.465027 2.04838 2.04838 1 1 0
0.46215 2.0388 2.0388 1 1 0
0.459273 2.02922 2.02922 1 1 0
0.456396 2.01965 2.01965 1 1 0
0.453519 2.01007 2.01007 1 1 0
0.450643 2.00049 2.00049 1 1 0
0.447766 1.99092 1.99092 1 1 0
0.444889 1.98134 1.98134 1 1 0
0.442012 1.97176 1.97176 1 1 0
0.439135 1.96218 1.96218 1 1 0
0.436258 1.95261 1.95261 1 1 0
0.433381 1.94303 1.94303 1 1 0
0.430504 1.93345 1.93345 1 1 0
0.427627 1.92388 1.92388 1 1 0
0.42475 1.9143 1.9143 1 1 0
0.421873 1.90472 1.90472 1 1 0
0.418996 1.89514 1.89514 1 1 0
0.416119 1.88557 1.88557 1 1 0
0.413242 1.87599 1.87599 1 1 0
0.410365 1.86641 1.86641 1 1 0
0.407488 1.85684 1.85684 1 1 0
0.40461 1.84726 1.84726 1 1 0
0.401733 1.83768 1.83768 1 1 0
0.398856 1.8281 1.8281 1 1 0
0.395979 1.81853 1.81853 1 1 0
0.393101 1.80895 1.80895 1 1 0
0.390224 1.79937 1.79937 1 1 0
0.387347 1.7898 1.7898 1 1 0
0.384469 1.78022 1.78022 1 1 0
0.381592 1.77064 1.77064 1 1 0
0.378714 1.76106 1.76106 1 1 0
0.375837 1.75149 1.75149 1 1 0
0.372959 1.74191 1.74191 1 1 0
0.370082 1.73233 1.73233 1 1 0
0.367204 1.72276 1.72276 1 1 0
0.364326 1.71318 1.71318 1 1 0
0.361448 1.7036 1.7036 1 1 0
0.358571 1.69402 1.69402 1 1 0
0.355693 1.68445 1.68445 1 1 0
0.352815 1.67487 1.67487 1 1 0
0.349937 1.66529 1.66529 1 1 0
0.347059 1.65572 1.65572 1 1 0
0.34418 1.64614 1.64614 1 1 0
0.341302 1.63656 1.63656 1 1 0
0.338424 1.62699 1.62699 1 1 0
0.335546 1.61741 1.61741 1 1 0
0.332667 1.60783 1.60783 1 1 0
0.329788 1.59826 1.59826 1 1 0
0.32691 1.58868 1.58868 1 1 0
0.324031 1.5791 1.5791 1 1 0
0.321152 1.56953 1.56953 1 1 0
0.318273 1.55995 1.55995 1 1 0
0.315394 1.55037 1.55037 1 1 0
0.312515 1.5408 1.5408 1 1 0
0.309635 1.53122 1.53122 1 1 0
0.306756 1.52164 1.52164 1 1 0
0.303876 1.51207 1.51207 1 1 0
0.300996 1.50249 1.50249 1 1 0
0.298116 1.49291 1.49291 1 1 0
0.295236 1.48334 1.48334 1 1 0
0.292356 1.47376 1.47376 1 1 0
0.289475 1.46419 1.46419 1 1 0
0.286595 1.45461 1.45461 1 1 0
0.283714 1.44503 1.44503 1 1 0
0.280833 1.43546 1.43546 1 1 0
0.277951 1.42588 1.42588 1 1 0
0.27507 1.41631 1.41631 1 1 0
0.272188 1.40673 1.40673 1 1 0
0.269305 1.39715 1.39715 1 1 0
0.266423 1.38758 1.38758 1 1 0
0.26354 1.378 1.378 1 1 0
0.260657 1.36843 1.36843 1 1 0
0.257774 1.35885 1.35885 1 1 0
0.25489 1.34928 1.34928 1 1 0
0.252006 1.3397 1.3397 1 1 0
0.249121 1.33013 1.33013 1 1 0
0.246236 1.32055 1.32055 1 1 0
0.24335 1.31098 1.31098 1 1 0
0.240464 1.3014 1.3014 1 1 0
0.237578 1.29183 1.29183 1 1 0
0.234691 1.28226 1.28226 1 1 0
0.231803 1.27268 1.27268 1 1 0
0.228915 1.26311 1.26311 1 1 0
0.226026 1.25353 1.25353 1 1 0
0.223136 1.24396 1.24396 1 1 0
0.220246 1.23439 1.23439 1 1 0
0.217355 1.22481 1.22481 1 1 0
0.214462 1.21524 1.21524 1 1 0
0.21157 1.20567 1.20567 1 1 0
0.208676 1.1961 1.1961 1 1 0
0.205781 1.18653 1.18653 1 1 0
0.202885 1.17695 1.17695 1 1 0
0.199988 1.16738 1.16738 1 1 0
0.197089 1.15781 1.15781 1 1 0
0.19419 1.14824 1.14824 1 1 0
0.191289 1.13867 1.13867 1 1 0
0.188386 1.1291 1.1291 1 1 0
0.185482 1.11953 1.11953 1 1 0
0.182576 1.10997 1.10997 1 1 0
0.179669 1.1004 1.1004 1 1 0
0.176759 1.09083 1.09083 1 1 0
0.173848 1.08126 1.08126 1 1 0
0.170934 1.0717 1.0717 1 1 0
0.168018 1.06213 1.06213 1 1 0
0.165099 1.05257 1.05257 1 1 0
0.162178 1.043 1.043 1 1 0
0.159254 1.03344 1.03344 1 1 0
0.156327 1.02388 1.02388 1 1 0
0.153397 1.01432 1.01432 1 1 0
0.150463 1.00476 1.00476 1 1 0
0.147526 0.995199 0.995199 1 1 0
0.144584 0.985642 0.985642 1 1 0
0.141638 0.976086 0.976086 1 1 0
0.138688 0.966531 0.966531 1 1 0
0.135733 0.956978 0.956978 1 1 0
0.132773 0.947427 0.947427 1 1 0
0.129808 0.937877 0.937877 1 1 0
0.126836 0.928329 0.928329 1 1 0
0.123859 0.918783 0.918783 1 1 0
0.120874 0.90924 0.90924 1 1 0
0.117883 0.899699 0.899699 1 1 0
0.114884 0.89016 0.89016 1 1 0
0.111877 0.880625 0.880625 1 1 0
0.108861 0.871092 0.871092 1 1 0
0.105837 0.861562 0.861562 1 1 0
0.102803 0.852036 0.852036 1 1 0
0.0997587 0.842514 0.842514 1 1 0
0.096704 0.832996 0.832996 1 1 0
0.0936383 0.823482 0.823482 1 1 0
0.0905609 0.813973 0.813973 1 1 0
0.0874715 0.804469 0.804469 1 1 0
0.0843697 0.794971 0.794971 1 1 0
0.081255 0.78548 0.78548 1 1 0
0.0781273 0.775995 0.775995 1 1 0
0.0749865 0.766518 0.766518 1 1 0
0.0718326 0.757049 0.757049 1 1 0
0.0686659 0.747589 0.747589 1 1 0
0.0654872 0.738141 0.738141 1 1 0
0.0622974 0.728703 0.728703 1 1 0
0.0590979 0.71928 0.71928 1 1 0
0.055891 0.709872 0.709872 1 1 0
0.0526794 0.700482 0.700482 1 1 0
0.0494669 0.691113 0.691113 1 1 0
0.0462584 0.681769 0.681769 1 1 0
0.0430604 0.672456 0.672456 1 1 0
0.0398804 0.66318 0.66318 1 1 0
0.0367279 0.653949 0.653949 1 1 0
0.0336143 0.644771 0.644771 1 1 0
0.0305533 0.635661 0.635661 1 1 0
0.0275608 0.626632 0.626632 1 1 0
0.0246548 0.617704 0.617704 1 1 0
0.0218552 0.608898 0.608898 1 1 0
0.0191826 0.600239 0.600239 1 1 0
0.0166579 0.591756 0.591756 1 1 0
0.0143007 0.583476 0.583476 1 1 0
0.0121275 0.575429 0.575429 1 1 0
0.0101507 0.56764 0.56764 1 1 0
0.00837724 0.560131 0.560131 1 1 0
0.00680825 0.552919 0.552919 1 1 0
0.00543914 0.546012 0.546012 1 1 0
0.00426043 0.539412 0.539412 1 1 0
0.00325887 0.533116 0.533116 1 1 0
0.00241877 0.527113 0.527113 1 1 0
0.00172314 0.521392 0.521392 1 1 0
0.00115477 0.515936 0.515936 1 1 0
0.00069692 0.510729 0.510729 1 1 0
0.000333886 0.505754 0.505754 1 1 0
5.12735e-05 0.500992 0.500992 1 1 0
-0.000163847 0.496428 0.496428 1 1 0
-0.000322915 0.492046 0.492046 1 1 0
-0.000435922 0.48783 0.48783 1 1 0
-0.00051148 0.483767 0.483767 1 1 0
-0.000557032 0.479845 0.479845 1 1 0
-0.000578815 0.476051 0.476051 1 1 0
-0.0005828 0.47347 0.47347 2 1 0
-0.000575852 0.469871 0.469871 2 1 0
-0.000557468 0.466373 0.466373 2 1 0
-0.000530845 0.462969 0.462969 2 1 0
-0.000498579 0.45965 0.45965 2 1 0
-0.000462767 0.456409 0.456409 2 1 0
-0.000425081 0.453239 0.453239 2 1 0
-0.000386833 0.450135 0.450135 2 1 0
-0.000349031 0.44709 0.44709 2 1 0
-0.000312433 0.444099 0.444099 2 1 0
-0.000277587 0.441158 0.441158 2 1 0
-0.000244873 0.438261 0.438261 2 1 0
-0.00021453 0.435404 0.435404 2 1 0
-0.000186687 0.432583 0.432583 2 1 0
-0.000161387 0.429794 0.429794 2 1 0
-0.000138602 0.427034 0.427034 2 1 0
-0.000118256 0.424297 0.424297 2 1 0
-0.000100233 0.421582 0.421582 2 1 0
-8.43913e-05 0.418884 0.418884 2 1 0
-7.05716e-05 0.4162 0.4162 2 1 0
-5.86058e-05 0.413528 0.413528 2 1 0
-4.83222e-05 0.410862 0.410862 2 1 0
-3.955e-05 0.408201 0.408201 2 1 0
-3.21236e-05 0.405541 0.405541 2 1 0
-2.58848e-05 0.402878 0.402878 2 1 0
-2.0685e-05 0.40021 0.40021 2 1 0
-1.63865e-05 0.397532 0.397532 2 1 0
-1.28629e-05 0.394842 0.394842 2 1 0
-9.99992e-06 0.392134 0.392134 2 1 0
-7.69516e-06 0.389407 0.389407 2 1 0
-5.8577e-06 0.386655 0.386655 2 1 0
-4.40778e-06 0.383873 0.383873 2 1 0
-3.27606e-06 0.381059 0.381059 2 1 0
-2.40292e-06 0.378205 0.378205 2 1 0
-1.73758e-06 0.375307 0.375307 2 1 0
-1.23732e-06 0.372359 0.372359 2 1 0
-8.66559e-07 0.369355 0.369355 2 1 0
-5.96019e-07 0.366287 0.366287 2 1 0
-4.0193e-07 0.363147 0.363147 2 1 0
-2.65246e-07 0.359927 0.359927 2 1 0
-1.70926e-07 0.356616 0.356616 2 1 0
-1.07285e-07 0.353204 0.353204 2 1 0
-6.53983e-08 0.349676 0.349676 2 1 0
-3.85846e-08 0.34602 0.34602 2 1 0
-2.19472e-08 0.342218 0.342218 2 1 0
-1.1978e-08 0.33825 0.33825 2 1 0
-6.23741e-09 0.334095 0.334095 2 1 0
-3.07862e-09 0.329725 0.329725 2 1 0
-1.42888e-09 0.325112 0.325112 2 1 0
-6.17752e-10 0.32022 0.32022 2 1 0
-2.45991e-10 0.315009 0.315009 2 1 0
-8.90327e-11 0.309434 0.309434 2 1 0
-2.8843e-11 0.303447 0.303447 2 1 0
-8.22144e-12 0.297 0.297 2 1 0
-2.02506e-12 0.290048 0.290048 2 1 0
-4.23693e-13 0.282563 0.282563 2 1 0
-7.42763e-14 0.27454 0.27454 2 1 0
-1.08294e-14 0.26601 0.26601 2 1 0
-1.31337e-15 0.25704 0.25704 2 1 0
-1.33366e-16 0.247718 0.247718 2 1 0
-1.14463e-17 0.238139 0.238139 2 1 0
-8.37252e-19 0.228388 0.228388 2 1 0
-5.24234e-20 0.218529 0.218529 2 1 0
-2.8058e-21 0.208605 0.208605 2 1 0
-1.32349e-22 0.198644 0.198644 1 1 0
0 0.188664 0.188664 1 1 0
0 0.178673 0.178673 1 1 0
0 0.168677 0.168677 1 1 0
0 0.158679 0.158679 1 1 0
0 0.148679 0.148679 1 1 0
0 0.138679 0.138679 1 1 0
0 0.12868 0.12868 1 1 0
0 0.11868 0.11868 1 1 0
0 0.10868 0.10868 1 1 0
0 0.0986795 0.0986795 1 1 0
0 0.0886795 0.0886795 1 1 0
0 0.0786795 0.0786795 1 1 0
0 0.0686795 0.0686795 1 1 0
0 0.0586795 0.0586795 1 1 0
0 0.0486795 0.0486795 1 1 0
0 0.0386795 0.0386795 1 1 0
0 0.0286795 0.0286795 1 1 0
0 0.0186795 0.0186795 1 1 0
0 0.00867953 0.00867953 1 1 0
0 -0.00132047 -0.00132047 1 1 0
0 -0.0113205 -0.0113205 1 1 0
0 -0.0213205 -0.0213205 1 1 0
0 -0.0313205 -0.0313205 1 1 0
0 -0.0413205 -0.0413205 1 1 0
0 -0.0513205 -0.0513205 1 1 0
0 -0.0613205 -0.0613205 1 1 0
0 -0.0713205 -0.0713205 1 1 0
0 -0.0813205 -0.0813205 1 1 0
0 -0.0913205 -0.0913205 1 1 0
0 -0.10132 -0.10132 1 1 0
0 -0.11132 -0.11132 1 1 0
0 -0.12132 -0.12132 1 1 0
0 -0.13132 -0.13132 1 1 0
0 -0.14132 -0.14132 1 1 0
0 -0.15132 -0.15132 1 1 0
0 -0.161319 -0.161319 1 1 0
0 -0.171317 -0.171317 1 1 0
0 -0.181312 -0.181312 1 1 0
-2.64698e-23 -0.191301 -0.191301 1 1 0
-6.88214e-22 -0.201277 -0.201277 1 1 0
-1.52201e-20 -0.21123 -0.21123 1 1 0
-2.86099e-19 -0.221141 -0.221141 1 1 0
-4.60849e-18 -0.230977 -0.230977 1 1 0
-6.3534e-17 -0.240689 -0.240689 1 1 0
-7.45212e-16 -0.250208 -0.250208 1 1 0
-7.36729e-15 -0.259447 -0.259447 1 1 0
-6.08026e-14 -0.268309 -0.268309 1 1 0
-4.16542e-13 -0.27671 -0.27671 1 1 0
-2.37205e-12 -0.284592 -0.284592 1 1 0
-1.13302e-11 -0.291935 -0.291935 1 1 0
-4.60711e-11 -0.29875 -0.29875 1 1 0
-1.62319e-10 -0.305071 -0.305071 1 1 0
-5.04559e-10 -0.310944 -0.310944 1 1 0
-1.40734e-09 -0.316418 -0.316418 1 1 0
-3.57558e-09 -0.321541 -0.321541 1 1 0
-8.3823e-09 -0.326356 -0.326356 1 1 0
-1.83316e-08 -0.330902 -0.330902 1 1 0
-3.77444e-08 -0.335212 -0.335212 1 1 0
-7.3734e-08 -0.339315 -0.339315 1 1 0
-1.37549e-07 -0.343237 -0.343237 1 1 0
-2.46373e-07 -0.346999 -0.346999 1 1 0
-4.25672e-07 -0.350619 -0.350619 1 1 0
-7.12237e-07 -0.354115 -0.354115 1 1 0
-1.15792e-06 -0.3575 -0.3575 1 1 0
-1.83436e-06 -0.360786 -0.360786 1 1 0
-2.83873e-06 -0.363984 -0.363984 1 1 0
-4.30071e-06 -0.367104 -0.367104 1 1 0
-6.39072e-06 -0.370154 -0.370154 1 1 0
-9.32982e-06 -0.373143 -0.373143 1 1 0
-1.34012e-05 -0.376077 -0.376077 1 1 0
-1.89635e-05 -0.378963 -0.378963 1 1 0
-2.64667e-05 -0.381805 -0.381805 1 1 0
-3.64695e-05 -0.384611 -0.384611 1 1 0
-4.96597e-05 -0.387384 -0.387384 1 1 0
-6.68778e-05 -0.390129 -0.390129 1 1 0
-8.91423e-05 -0.392851 -0.392851 1 1 0
-0.000117679 -0.395554 -0.395554 1 1 0
-0.000153956 -0.39824 -0.39824 1 1 0
-0.000199714 -0.400915 -0.400915 1 1 0
-0.000257015 -0.403582 -0.403582 1 1 0
-0.000328279 -0.406243 -0.406243 1 1 0
-0.000416338 -0.408903 -0.408903 1 1 0
-0.000524485 -0.411565 -0.411565 1 1 0
-0.000656536 -0.414232 -0.414232 1 1 0
-0.00081689 -0.416907 -0.416907 1 1 0
-0.0010106 -0.419594 -0.419594 1 1 0
-0.00124342 -0.422295 -0.422295 1 1 0
-0.00152194 -0.425015 -0.425015 1 1 0
-0.0018536 -0.427755 -0.427755 1 1 0
-0.00224679 -0.430521 -0.430521 1 1 0
-0.00271096 -0.433315 -0.433315 1 1 0
-0.00325667 -0.436141 -0.436141 1 1 0
-0.00389566 -0.439002 -0.439002 1 1 0
-0.00464087 -0.441901 -0.441901 1 1 0
-0.00550664 -0.444844 -0.444844 1 1 0
-0.00650856 -0.447832 -0.447832 1 1 0
-0.00766352 -0.45087 -0.45087 1 1 0
-0.00898964 -0.453962 -0.453962 1 1 0
-0.0105061 -0.45711 -0.45711 1 1 0
-0.012233 -0.460318 -0.460318 1 1 0
-0.0141909 -0.463588 -0.463588 1 1 0
-0.0164005 -0.466924 -0.466924 1 1 0
-0.0188819 -0.470325 -0.470325 1 1 0
-0.0216544 -0.473794 -0.473794 1 1 0
-0.0247349 -0.477331 -0.477331 1 1 0
-0.0281381 -0.480934 -0.480934 1 1 0
-0.0318748 -0.484603 -0.484603 1 1 0
-0.0359518 -0.488335 -0.488335 1 1 0
-0.0403714 -0.492127 -0.492127 1 1 0
-0.0451307 -0.495975 -0.495975 1 1 0
-0.0502225 -0.499876 -0.499876 1 1 0
-0.055635 -0.503826 -0.503826 1 1 0
-0.0613525 -0.507823 -0.507823 1 1 0
-0.0673569 -0.511862 -0.511862 1 1 0
-0.0736275 -0.515944 -0.515944 1 1 0
-0.0801425 -0.520065 -0.520065 1 1 0
-0.0868798 -0.524228 -0.524228 1 1 0
-0.0938171 -0.528432 -0.528432 1 1 0
-0.100933 -0.53268 -0.53268 1 1 0
-0.108206 -0.536975 -0.536975 1 1 0
-0.115618 -0.541319 -0.541319 1 1 0
-0.123148 -0.545718 -0.545718 1 1 0
-0.13078 -0.550177 -0.550177 1 1 0
-0.138498 -0.554701 -0.554701 1 1 0
-0.146286 -0.559296 -0.559296 1 1 0
-0.154129 -0.563969 -0.563969 1 1 0
-0.162013 -0.568727 -0.568727 1 1 0
-0.169925 -0.573577 -0.573577 1 1 0
-0.177854 -0.578528 -0.578528 1 1 0
-0.185786 -0.583586 -0.583586 1 1 0
-0.193709 -0.58876 -0.58876 1 1 0
-0.20161 -0.594057 -0.594057 1 1 0
-0.209477 -0.599486 -0.599486 1 1 0
-0.217298 -0.605054 -0.605054 1 1 0
-0.225061 -0.610769 -0.610769 1 1 0
-0.232754 -0.616638 -0.616638 1 1 0
-0.240364 -0.622668 -0.622668 1 1 0
-0.247879 -0.628865 -0.628865 1 1 0
-0.255286 -0.635234 -0.635234 1 1 0
-0.262573 -0.641776 -0.641776 1 1 0
-0.269729 -0.648495 -0.648495 1 1 0
-0.276743 -0.655394 -0.655394 1 1 0
-0.283606 -0.662471 -0.662471 1 1 0
-0.290308 -0.669725 -0.669725 1 1 0
-0.296844 -0.677152 -0.677152 1 1 0
-0.303206 -0.684747 -0.684747 1 1 0
-0.30939 -0.692504 -0.692504 1 1 0
-0.315395 -0.700416 -0.700416 1 1 0
-0.321219 -0.708474 -0.708474 1 1 0
-0.326864 -0.716669 -0.716669 1 1 0
-0.332333 -0.724992 -0.724992 1 1 0
-0.337629 -0.733434 -0.733434 1 1 0
-0.342759 -0.741984 -0.741984 1 1 0
-0.347729 -0.750634 -0.750634 1 1 0
-0.352546 -0.759375 -0.759375 1 1 0
-0.357218 -0.768197 -0.768197 1 1 0
-0.361754 -0.777095 -0.777095 1 1 0
-0.366162 -0.78606 -0.78606 1 1 0
-0.37045 -0.795085 -0.795085 1 1 0
-0.374625 -0.804164 -0.804164 1 1 0
-0.378697 -0.813291 -0.813291 1 1 0
-0.382673 -0.822462 -0.822462 1 1 0
-0.386559 -0.831672 -0.831672 1 1 0
-0.390364 -0.840916 -0.840916 1 1 0
-0.394094 -0.850192 -0.850192 1 1 0
-0.397754 -0.859495 -0.859495 1 1 0
-0.401351 -0.868824 -0.868824 1 1 0
-0.40489 -0.878176 -0.878176 1 1 0
-0.408375 -0.887547 -0.887547 1 1 0
-0.411811 -0.896937 -0.896937 1 1 0
-0.415202 -0.906344 -0.906344 1 1 0
-0.418552 -0.915765 -0.915765 1 1 0
-0.421865 -0.9252 -0.9252 1 1 0
-0.425143 -0.934647 -0.934647 1 1 0
-0.42839 -0.944105 -0.944105 1 1 0
-0.431607 -0.953573 -0.953573 1 1 0
-0.434798 -0.96305 -0.96305 1 1 0
-0.437965 -0.972535 -0.972535 1 1 0
-0.44111 -0.982027 -0.982027 1 1 0
-0.444234 -0.991526 -0.991526 1 1 0
-0.44734 -1.00103 -1.00103 1 1 0
-0.450428 -1.01054 -1.01054 1 1 0
-0.453501 -1.02006 -1.02006 1 1 0
-0.456559 -1.02958 -1.02958 1 1 0
-0.459604 -1.0391 -1.0391 1 1 0
-0.462637 -1.04863 -1.04863 1 1 0
-0.465658 -1.05817 -1.05817 1 1 0
-0.468669 -1.0677 -1.0677 1 1 0
-0.471671 -1.07724 -1.07724 1 1 0
-0.474663 -1.08678 -1.08678 1 1 0
-0.477648 -1.09633 -1.09633 1 1 0
-0.480625 -1.10587 -1.10587 1 1 0
-0.483595 -1.11542 -1.11542 1 1 0
-0.486559 -1.12497 -1.12497 1 1 0
-0.489516 -1.13453 -1.13453 1 1 0
-0.492469 -1.14408 -1.14408 1 1 0
-0.495416 -1.15364 -1.15364 1 1 0
-0.498358 -1.16319 -1.16319 1 1 0
-0.501296 -1.17275 -1.17275 1 1 0
-0.504231 -1.18231 -1.18231 1 1 0
-0.507161 -1.19187 -1.19187 1 1 0
-0.510088 -1.20143 -1.20143 1 1 0
-0.513012 -1.211 -1.211 1 1 0
-0.515932 -1.22056 -1.22056 1 1 0
-0.51885 -1.23013 -1.23013 1 1 0
-0.521766 -1.23969 -1.23969 1 1 0
-0.524679 -1.24926 -1.24926 1 1 0
-0.527589 -1.25883 -1.25883 1 1 0
-0.530498 -1.26839 -1.26839 1 1 0
-0.533405 -1.27796 -1.27796 1 1 0
-0.536309 -1.28753 -1.28753 1 1 0
-0.539213 -1.2971 -1.2971 1 1 0
-0.542114 -1.30667 -1.30667 1 1 0
-0.545014 -1.31624 -1.31624 1 1 0
-0.547913 -1.32581 -1.32581 1 1 0
-0.55081 -1.33538 -1.33538 1 1 0
-0.553706 -1.34495 -1.34495 1 1 0
-0.556602 -1.35452 -1.35452 1 1 0
-0.559496 -1.3641 -1.3641 1 1 0
-0.562389 -1.37367 -1.37367 1 1 0
-0.565281 -1.38324 -1.38324 1 1 0
-0.568172 -1.39281 -1.39281 1 1 0
-0.571062 -1.40239 -1.40239 1 1 0
-0.573952 -1.41196 -1.41196 1 1 0
-0.576841 -1.42153 -1.42153 1 1 0
-0.579729 -1.43111 -1.43111 1 1 0
-0.582617 -1.44068 -1.44068 1 1 0
-0.585504 -1.45026 -1.45026 1 1 0
-0.58839 -1.45983 -1.45983 1 1 0
-0.591276 -1.46941 -1.46941 1 1 0
-0.594162 -1.47898 -1.47898 1 1 0
-0.597046 -1.48855 -1.48855 1 1 0
-0.599931 -1.49813 -1.49813 1 1 0
-0.602815 -1.5077 -1.5077 1 1 0
-0.605699 -1.51728 -1.51728 1 1 0
-0.608582 -1.52686 -1.52686 1 1 0
-0.611465 -1.53643 -1.53643 1 1 0
-0.614348 -1.54601 -1.54601 1 1 0
-0.61723 -1.55558 -1.55558 1 1 0
-0.620112 -1.56516 -1.56516 1 1 0
-0.622994 -1.57473 -1.57473 1 1 0
-0.625876 -1.58431 -1.58431 1 1 0
-0.628757 -1.59388 -1.59388 1 1 0
-0.631638 -1.60346 -1.60346 1 1 0
-0.634519 -1.61304 -1.61304 1 1 0
-0.637399 -1.62261 -1.62261 1 1 0
-0.64028 -1.63219 -1.63219 1 1 0
-0.64316 -1.64177 -1.64177 1 1 0
-0.64604 -1.65134 -1.65134 1 1 0
-0.64892 -1.66092 -1.66092 1 1 0
-0.6518 -1.67049 -1.67049 1 1 0
-0.654679 -1.68007 -1.68007 1 1 0
-0.657559 -1.68965 -1.68965 1 1 0
-0.660438 -1.69922 -1.69922 1 1 0
-0.663317 -1.7088 -1.7088 1 1 0
-0.666196 -1.71838 -1.71838 1 1 0
-0.669075 -1.72795 -1.72795 1 1 0
-0.671954 -1.73753 -1.73753 1 1 0
-0.674833 -1.74711 -1.74711 1 1 0
-0.677711 -1.75668 -1.75668 1 1 0
-0.68059 -1.76626 -1.76626 1 1 0
-0.683468 -1.77584 -1.77584 1 1 0
-0.686346 -1.78541 -1.78541 1 1 0
-0.689225 -1.79499 -1.79499 1 1 0
-0.692103 -1.80457 -1.80457 1 1 0
-0.694981 -1.81414 -1.81414 1 1 0
-0.697859 -1.82372 -1.82372 1 1 0
-0.700737 -1.8333 -1.8333 1 1 0
-0.703615 -1.84288 -1.84288 1 1 0
-0.706493 -1.85245 -1.85245 1 1 0
-0.709371 -1.86203 -1.86203 1 1 0
-0.712248 -1.87161 -1.87161 1 1 0
-0.715126 -1.88118 -1.88118 1 1 0
-0.718004 -1.89076 -1.89076 1 1 0
-0.720881 -1.90034 -1.90034 1 1 0
-0.723759 -1.90991 -1.90991 1 1 0
-0.726636 -1.91949 -1.91949 1 1 0
-0.729514 -1.92907 -1.92907 1 1 0
-0.732391 -1.93865 -1.93865 1 1 0
-0.735268 -1.94822 -1.94822 1 1 0
-0.738146 -1.9578 -1.9578 1 1 0
-0.741023 -1.96738 -1.96738 1 1 0
-0.7439 -1.97695 -1.97695 1 1 0
-0.746778 -1.98653 -1.98653 1 1 0
-0.749655 -1.99611 -1.99611 1 1 0
-0.752532 -2.00569 -2.00569 1 1 0
-0.755409 -2.01526 -2.01526 1 1 0
-0.758286 -2.02484 -2.02484 1 1 0
-0.761163 -2.03442 -2.03442 1 1 0
-0.76404 -2.04399 -2.04399 1 1 0
-0.766917 -2.05357 -2.05357 1 1 0
-0.769794 -2.06315 -2.06315 1 1 0
-0.772672 -2.07273 -2.07273 1 1 0
-0.775548 -2.0823 -2.0823 1 1 0
-0.778425 -2.09188 -2.09188 1 1 0
-0.781302 -2.10146 -2.10146 1 1 0
-0.784179 -2.11103 -2.11103 1 1 0
-0.787056 -2.12061 -2.12061 1 1 0
-0.789933 -2.13019 -2.13019 1 1 0
-0.79281 -2.13977 -2.13977 1 1 0
-0.795687 -2.14934 -2.14934 1 1 0
-0.798564 -2.15892 -2.15892 1 1 0
-0.801441 -2.1685 -2.1685 1 1 0
-0.804317 -2.17808 -2.17808 1 1 0
-0.807194 -2.18765 -2.18765 1 1 0
-0.810071 -2.19723 -2.19723 1 1 0
-0.812948 -2.20681 -2.20681 1 1 0
-0.815825 -2.21638 -2.21638 1 1 0
-0.818701 -2.22596 -2.22596 1 1 0
-0.821578 -2.23554 -2.23554 1 1 0
-0.824455 -2.24512 -2.24512 1 1 0
-0.827332 -2.25469 -2.25469 1 1 0
-0.830208 -2.26427 -2.26427 1 1 0
-0.833085 -2.27385 -2.27385 1 1 0
-0.835962 -2.28343 -2.28343 1 1 0
-0.838838 -2.293 -2.293 1 1 0
-0.841715 -2.30258 -2.30258 1 1 0
-0.844592 -2.31216 -2.31216 1 1 0
-0.847468 -2.32173 -2.32173 1 1 0
-0.850345 -2.33131 -2.33131 1 1 0
-0.853222 -2.34089 -2.34089 1 1 0
-0.856098 -2.35047 -2.35047 1 1 0
-0.858975 -2.36004 -2.36004 1 1 0
-0.861852 -2.36962 -2.36962 1 1 0
-0.864728 -2.3792 -2.3792 1 1 0
-0.867605 -2.38878 -2.38878 1 1 0
-0.870482 -2.39835 -2.39835 1 1 0
-0.873358 -2.40793 -2.40793 1 1 0
-0.876235 -2.41751 -2.41751 1 1 0
-0.879111 -2.42709 -2.42709 1 1 0
-0.881988 -2.43666 -2.43666 1 1 0
-0.884865 -2.44624 -2.44624 1 1 0
-0.887741 -2.45582 -2.45582 1 1 0
-0.890618 -2.46539 -2.46539 1 1 0
-0.893494 -2.47497 -2.47497 1 1 0
-0.896371 -2.48455 -2.48455 1 1 0
-0.899247 -2.49413 -2.49413 1 1 0
-0.902124 -2.5037 -2.5037 1 1 0
-0.905001 -2.51328 -2.51328 1 1 0
-0.907877 -2.52286 -2.52286 1 1 0
-0.910754 -2.53244 -2.53244 1 1 0
-0.91363 -2.54201 -2.54201 1 1 0
-0.916507 -2.55159 -2.55159 1 1 0
-0.919383 -2.56117 -2.56117 1 1 0
-0.92226 -2.57075 -2.57075 1 1 0
-0.925137 -2.58032 -2.58032 1 1 0
-0.928013 -2.5899 -2.5899 1 1 0
-0.93089 -2.59948 -2.59948 1 1 0
-0.933766 -2.60905 -2.60905 1 1 0
-0.936643 -2.61863 -2.61863 1 1 0
-0.939519 -2.62821 -2.62821 1 1 0
-0.942396 -2.63779 -2.63779 1 1 0
-0.945272 -2.64736 -2.64736 1 1 0
-0.948149 -2.65694 -2.65694 1 1 0
-0.951025 -2.66652 -2.66652 1 1 0
-0.953902 -2.6761 -2.6761 1 1 0
-0.956778 -2.68567 -2.68567 1 1 0
-0.959655 -2.69525 -2.69525 1 1 0
-0.962531 -2.70483 -2.70483 1 1 0
-0.965408 -2.71441 -2.71441 1 1 0
-0.968284 -2.72398 -2.72398 1 1 0
-0.971161 -2.73356 -2.73356 1 1 0
-0.974037 -2.74314 -2.74314 1 1 0
-0.976914 -2.75271 -2.75271 1 1 0
-0.97979 -2.76229 -2.76229 1 1 0
-0.982667 -2.77187 -2.77187 1 1 0
-0.985543 -2.78145 -2.78145 1 1 0
-0.98842 -2.79102 -2.79102 1 1 0
-0.991296 -2.8006 -2.8006 1 1 0
-0.994173 -2.81018 -2.81018 1 1 0
-0.997049 -2.81976 -2.81976 1 1 0
-0.999926 -2.82933 -2.82933 1 1 0
-1.0028 -2.83891 -2.83891 1 1 0
-1.00568 -2.84849 -2.84849 1 1 0
-1.00856 -2.85807 -2.85807 1 1 0
-1.01143 -2.86764 -2.86764 1 1 0
-1.01431 -2.87722 -2.87722 1 1 0
-1.01718 -2.8868 -2.8868 1 1 0
-1.02006 -2.89638 -2.89638 1 1 0
-1.02294 -2.90595 -2.90595 1 1 0
-1.02581 -2.91553 -2.91553 1 1 0
-1.02869 -2.92511 -2.92511 1 1 0
-1.03157 -2.93468 -2.93468 1 1 0
-1.03444 -2.94426 -2.94426 1 1 0
-1.03732 -2.95384 -2.95384 1 1 0
-1.0402 -2.96342 -2.96342 1 1 0
-1.04307 -2.97299 -2.97299 1 1 0
-1.04595 -2.98257 -2.98257 1 1 0
-1.04883 -2.99215 -2.99215 1 1 0
-1.0517 -3.00173 -3.00173 1 1 0
-1.05458 -3.0113 -3.0113 1 1 0
-1.05746 -3.02088 -3.02088 1 1 0
-1.06033 -3.03046 -3.03046 1 1 0
-1.06321 -3.04004 -3.04004 1 1 0
-1.06609 -3.04961 -3.04961 1 1 0
-1.06896 -3.05919 -3.05919 1 1 0
-1.07184 -3.06877 -3.06877 1 1 0
-1.07471 -3.07835 -3.07835 1 1 0
-1.07759 -3.08792 -3.08792 1 1 0
-1.08047 -3.0975 -3.0975 1 1 0
-1.08334 -3.10708 -3.10708 1 1 0
-1.08622 -3.11665 -3.11665 1 1 0
-1.0891 -3.12623 -3.12623 1 1 0
-1.09197 -3.13581 -3.13581 1 1 0
-1.09485 -3.14539 -3.14539 1 1 0
-1.09773 -3.15496 -3.15496 1 1 0
-1.1006 -3.16454 -3.16454 1 1 0
-1.10348 -3.17412 -3.17412 1 1 0
-1.10636 -3.1837 -3.1837 1 1 0
-1.10923 -3.19327 -3.19327 1 1 0
-1.11211 -3.20285 -3.20285 1 1 0
-1.11499 -3.21243 -3.21243 1 1 0
-1.11786 -3.22201 -3.22201 1 1 0
-1.12074 -3.23158 -3.23158 1 1 0
-1.12361 -3.24116 -3.24116 1 1 0
-1.12649 -3.25074 -3.25074 1 1 0
-1.12937 -3.26031 -3.26031 1 1 0
-1.13224 -3.26989 -3.26989 1 1 0
-1.13512 -3.27947 -3.27947 1 1 0
-1.138 -3.28905 -3.28905 1 1 0
-1.14087 -3.29862 -3.29862 1 1 0
-1.14375 -3.3082 -3.3082 1 1 0
-1.14663 -3.31778 -3.31778 1 1 0
-1.1495 -3.32736 -3.32736 1 1 0
-1.15238 -3.33693 -3.33693 1 1 0
-1.15526 -3.34651 -3.34651 1 1 0
-1.15813 -3.35609 -3.35609 1 1 0
-1.16101 -3.36567 -3.36567 1 1 0
-1.16389 -3.37524 -3.37524 1 1 0
-1.16676 -3.38482 -3.38482 1 1 0
-1.16964 -3.3944 -3.3944 1 1 0
-1.17251 -3.40398 -3.40398 1 1 0
-1.17539 -3.41355 -3.41355 1 1 0
-1.17827 -3.42313 -3.42313 1 1 0
-1.18114 -3.43271 -3.43271 1 1 0
-1.18402 -3.44228 -3.44228 1 1 0
-1.1869 -3.45186 -3.45186 1 1 0
-1.18977 -3.46144 -3.46144 1 1 0
-1.19265 -3.47102 -3.47102 1 1 0
-1.19553 -3.48059 -3.48059 1 1 0
-1.1984 -3.49017 -3.49017 1 1 0
-1.20128 -3.49975 -3.49975 1 1 0
-1.20416 -3.50933 -3.50933 1 1 0
-1.20703 -3.5189 -3.5189 1 1 0
-1.20991 -3.52848 -3.52848 1 1 0
-1.21279 -3.53806 -3.53806 1 1 0
-1.21566 -3.54764 -3.54764 1 1 0
-1.21854 -3.55721 -3.55721 1 1 0
-1.22141 -3.56679 -3.56679 1 1 0
-1.22429 -3.57637 -3.57637 1 1 0
-1.22717 -3.58595 -3.58595 1 1 0
-1.23004 -3.59552 -3.59552 1 1 0
-1.23292 -3.6051 -3.6051 1 1 0
-1.2358 -3.61468 -3.61468 1 1 0
-1.23867 -3.62425 -3.62425 1 1 0
-1.24155 -3.63383 -3.63383 1 1 0
-1.24443 -3.64341 -3.64341 1 1 0
-1.2473 -3.65299 -3.65299 1 1 0
-1.25018 -3.66256 -3.66256 1 1 0
-1.25306 -3.67214 -3.67214 1 1 0
-1.25593 -3.68172 -3.68172 1 1 0
-1.25881 -3.6913 -3.6913 1 1 0
-1.26168 -3.70087 -3.70087 1 1 0
-1.26456 -3.71045 -3.71045 1 1 0
-1.26744 -3.72003 -3.72003 1 1 0
-1.27031 -3.72961 -3.72961 1 1 0
-1.27319 -3.73918 -3.73918 1 1 0
-1.27607 -3.74876 -3.74876 1 1 0
-1.27894 -3.75834 -3.75834 1 1 0
-1.28182 -3.76792 -3.76792 1 1 0
-1.2847 -3.77749 -3.77749 1 1 0
-1.28757 -3.78707 -3.78707 1 1 0
-1.29045 -3.79665 -3.79665 1 1 0
-1.29333 -3.80622 -3.80622 1 1 0
-1.2962 -3.8158 -3.8158 1 1 0
-1.29908 -3.82538 -3.82538 1 1 0
-1.30196 -3.83496 -3.83496 1 1 0
-1.30483 -3.84453 -3.84453 1 1 0
-1.30771 -3.85411 -3.85411 1 1 0
-1.31058 -3.86369 -3.86369 1 1 0
-1.31346 -3.87327 -3.87327 1 1 0
-1.31634 -3.88284 -3.88284 1 1 0
-1.31921 -3.89242 -3.89242 1 1 0
-1.32209 -3.902 -3.902 1 1 0
-1.32497 -3.91158 -3.91158 1 1 0
-1.32784 -3.92115 -3.92115 1 1 0
-1.33072 -3.93073 -3.93073 1 1 0
-1.3336 -3.94031 -3.94031 1 1 0
-1.33647 -3.94989 -3.94989 1 1 0
-1.33935 -3.95946 -3.95946 1 1 0
-1.34223 -3.96904 -3.96904 1 1 0
-1.3451 -3.97862 -3.97862 1 1 0
-1.34798 -3.9882 -3.9882 1 1 0
-1.35086 -3.99777 -3.99777 1 1 0
-1.35373 -4.00735 -4.00735 1 1 0
-1.35661 -4.01693 -4.01693 1 1 0
-1.35948 -4.0265 -4.0265 1 1 0
-1.36236 -4.03608 -4.03608 1 1 0
-1.36524 -4.04566 -4.04566 1 1 0
-1.36811 -4.05524 -4.05524 1 1 0
-1.37099 -4.06481 -4.06481 1 1 0
-1.37387 -4.07439 -4.07439 1 1 0
-1.37674 -4.08397 -4.08397 1 1 0
-1.37962 -4.09355 -4.09355 1 1 0
-1.3825 -4.10312 -4.10312 1 1 0
-1.38537 -4.1127 -4.1127 1 1 0
-1.38825 -4.12228 -4.12228 1 1 0
-1.39113 -4.13186 -4.13186 1 1 0
-1.394 -4.14143 -4.14143 1 1 0
-1.39688 -4.15101 -4.15101 1 1 0
-1.39975 -4.16059 -4.16059 1 1 0
-1.40263 -4.17017 -4.17017 1 1 0
-1.40551 -4.17974 -4.17974 1 1 0
-1.40838 -4.18932 -4.18932 1 1 0
-1.41126 -4.1989 -4.1989 1 1 0
-1.41414 -4.20847 -4.20847 1 1 0
-1.41701 -4.21805 -4.21805 1 1 0
-1.41989 -4.22763 -4.22763 1 1 0
-1.42277 -4.23721 -4.23721 1 1 0
-1.42564 -4.24678 -4.24678 1 1 0
-1.42852 -4.25636 -4.25636 1 1 0
-1.4314 -4.26594 -4.26594 1 1 0
-1.43427 -4.27552 -4.27552 1 1 0
-1.43715 -4.28509 -4.28509 1 1 0
-1.44003 -4.29467 -4.29467 1 1 0
-1.4429 -4.30425 -4.30425 1 1 0
-1.44578 -4.31383 -4.31383 1 1 0
-1.44865 -4.3234 -4.3234 1 1 0
-1.45153 -4.33298 -4.33298 1 1 0
-1.45441 -4.34256 -4.34256 1 1 0
-1.45728 -4.35214 -4.35214 1 1 0
-1.46016 -4.36171 -4.36171 1 1 0
-1.46304 -4.37129 -4.37129 1 1 0
-1.46591 -4.38087 -4.38087 1 1 0
-1.46879 -4.39044 -4.39044 1 1 0
-1.47167 -4.40002 -4.40002 1 1 0
-1.47454 -4.4096 -4.4096 1 1 0
-1.47742 -4.41918 -4.41918 1 1 0
-1.4803 -4.42875 -4.42875 1 1 0
-1.48317 -4.43833 -4.43833 1 1 0
-1.48605 -4.44791 -4.44791 1 1 0
-1.48893 -4.45749 -4.45749 1 1 0
-1.4918 -4.46706 -4.46706 1 1 0
-1.49468 -4.47664 -4.47664 1 1 0
-1.49755 -4.48622 -4.48622 1 1 0
-1.50043 -4.4958 -4.4958 1 1 0
-1.50331 -4.50537 -4.50537 1 1 0
-1.50618 -4.51495 -4.51495 1 1 0
-1.50906 -4.52453 -4.52453 1 1 0
-1.51194 -4.53411 -4.53411 1 1 0
-1.51481 -4.54368 -4.54368 1 1 0
-1.51769 -4.55326 -4.55326 1 1 0
-1.52057 -4.56284 -4.56284 1 1 0
-1.52344 -4.57241 -4.57241 1 1 0
-1.52632 -4.58199 -4.58199 1 1 0
-1.5292 -4.59157 -4.59157 1 1 0
-1.53207 -4.60115 -4.60115 1 1 0
-1.53495 -4.61072 -4.61072 1 1 0
-1.53782 -4.6203 -4.6203 1 1 0
-1.5407 -4.62988 -4.62988 1 1 0
-1.54358 -4.63946 -4.63946 1 1 0
-1.54645 -4.64903 -4.64903 1 1 0
-1.54933 -4.65861 -4.65861 1 1 0
-1.55221 -4.66819 -4.66819 1 1 0
-1.55508 -4.67777 -4.67777 1 1 0
-1.55796 -4.68734 -4.68734 1 1 0
-1.56084 -4.69692 -4.69692 1 1 0
-1.56371 -4.7065 -4.7065 1 1 0
-1.56659 -4.71608 -4.71608 1 1 0
-1.56947 -4.72565 -4.72565 1 1 0
-1.57234 -4.73523 -4.73523 1 1 0
-1.57522 -4.74481 -4.74481 1 1 0
-1.5781 -4.75438 -4.75438 1 1 0
-1.58097 -4.76396 -4.76396 1 1 0
-1.58385 -4.77354 -4.77354 1 1 0
-1.58672 -4.78312 -4.78312 1 1 0
-1.5896 -4.79269 -4.79269 1 1 0
-1.59248 -4.80227 -4.80227 1 1 0
-1.59535 -4.81185 -4.81185 1 1 0
-1.59823 -4.82143 -4.82143 1 1 0
-1.60111 -4.831 -4.831 1 1 0
-1.60398 -4.84058 -4.84058 1 1 0
-1.60686 -4.85016 -4.85016 1 1 0
-1.60974 -4.85974 -4.85974 1 1 0
-1.61261 -4.86931 -4.86931 1 1 0
-1.61549 -4.87889 -4.87889 1 1 0
-1.61837 -4.88847 -4.88847 1 1 0
-1.62124 -4.89805 -4.89805 1 1 0
-1.62412 -4.90762 -4.90762 1 1 0
-1.62699 -4.9172 -4.9172 1 1 0
-1.62987 -4.92678 -4.92678 1 1 0
-1.63275 -4.93635 -4.93635 1 1 0
-1.63562 -4.94593 -4.94593 1 1 0
-1.6385 -4.95551 -4.95551 1 1 0
-1.64138 -4.96509 -4.96509 1 1 0
-1.64425 -4.97466 -4.97466 1 1 0
-1.64713 -4.98424 -4.98424 1 1 0
-1.65001 -4.99382 -4.99382 1 1 0
-1.65288 -5.0034 -5.0034 1 1 0
-1.65576 -5.01297 -5.01297 1 1 0
-1.65864 -5.02255 -5.02255 1 1 0
-1.66151 -5.03213 -5.03213 1 1 0
-1.66439 -5.04171 -5.04171 1 1 0
-1.66727 -5.05128 -5.05128 1 1 0
-1.67014 -5.06086 -5.06086 1 1 0
-1.67302 -5.07044 -5.07044 1 1 0
-1.67589 -5.08002 -5.08002 1 1 0
-1.67877 -5.08959 -5.08959 1 1 0
-1.68165 -5.09917 -5.09917 1 1 0
-1.68452 -5.10875 -5.10875 1 1 0
-1.6874 -5.11832 -5.11832 1 1 0
-1.69028 -5.1279 -5.1279 1 1 0
-1.69315 -5.13748 -5.13748 1 1 0
-1.69603 -5.14706 -5.14706 1 1 0
-1.69891 -5.15663 -5.15663 1 1 0
-1.70178 -5.16621 -5.16621 1 1 0
-1.70466 -5.17579 -5.17579 1 1 0
-1.70754 -5.18537 -5.18537 1 1 0
-1.71041 -5.19494 -5.19494 1 1 0
-1.71329 -5.20452 -5.20452 1 1 0
-1.71617 -5.2141 -5.2141 1 1 0
-1.71904 -5.22368 -5.22368 1 1 0
-1.72192 -5.23325 -5.23325 1 1 0
-1.72479 -5.24283 -5.24283 1 1 0
-1.72767 -5.25241 -5.25241 1 1 0
-1.73055 -5.26199 -5.26199 1 1 0
-1.73342 -5.27156 -5.27156 1 1 0
-1.7363 -5.28114 -5.28114 1 1 0
-1.73918 -5.29072 -5.29072 1 1 0
-1.74205 -5.30029 -5.30029 1 1 0
-1.74493 -5.30987 -5.30987 1 1 0
-1.74781 -5.31945 -5.31945 1 1 0
-1.75068 -5.32903 -5.32903 1 1 0
-1.75356 -5.3386 -5.3386 1 1 0
-1.75644 -5.34818 -5.34818 1 1 0
-1.75931 -5.35776 -5.35776 1 1 0
-1.76219 -5.36734 -5.36734 1 1 0
-1.76506 -5.37691 -5.37691 1 1 0
-1.76794 -5.38649 -5.38649 1 1 0
-1.77082 -5.39607 -5.39607 1 1 0
-1.77369 -5.40565 -5.40565 1 1 0
-1.77657 -5.41522 -5.41522 1 1 0
-1.77945 -5.4248 -5.4248 1 1 0
-1.78232 -5.43438 -5.43438 1 1 0
-1.7852 -5.44396 -5.44396 1 1 0
-1.78808 -5.45353 -5.45353 1 1 0
-1.79095 -5.46311 -5.46311 1 1 0
-1.79383 -5.47269 -5.47269 1 1 0
-1.79671 -5.48226 -5.48226 1 1 0
-1.79958 -5.49184 -5.49184 1 1 0
-1.80246 -5.50142 -5.50142 1 1 0
-1.80534 -5.511 -5.511 1 1 0
-1.80821 -5.52057 -5.52057 1 1 0
-1.81109 -5.53015 -5.53015 1 1 0
-1.81396 -5.53973 -5.53973 1 1 0
-1.81684 -5.54931 -5.54931 1 1 0
-1.81972 -5.55888 -5.55888 1 1 0
-1.82259 -5.56846 -5.56846 1 1 0
-1.82547 -5.57804 -5.57804 1 1 0
-1.82835 -5.58762 -5.58762 1 1 0
-1.83122 -5.59719 -5.59719 1 1 0
-1.8341 -5.60677 -5.60677 1 1 0
-1.83698 -5.61635 -5.61635 1 1 0
-1.83985 -5.62593 -5.62593 1 1 0
-1.84273 -5.6355 -5.6355 1 1 0
-1.84561 -5.64508 -5.64508 1 1 0
-1.84848 -5.65466 -5.65466 1 1 0
-1.85136 -5.66423 -5.66423 1 1 0
-1.85423 -5.67381 -5.67381 1 1 0
-1.85711 -5.68339 -5.68339 1 1 0
-1.85999 -5.69297 -5.69297 1 1 0
-1.86286 -5.70254 -5.70254 1 1 0
-1.86574 -5.71212 -5.71212 1 1 0
-1.86862 -5.7217 -5.7217 1 1 0
-1.87149 -5.73128 -5.73128 1 1 0
-1.87437 -5.74085 -5.74085 1 1 0
-1.87725 -5.75043 -5.75043 1 1 0
-1.88012 -5.76001 -5.76001 1 1 0
-1.883 -5.76959 -5.76959 1 1 0
-1.88588 -5.77916 -5.77916 1 1 0
-1.88875 -5.78874 -5.78874 1 1 0
-1.89163 -5.79832 -5.79832 1 1 0
-1.89451 -5.8079 -5.8079 1 1 0
-1.89738 -5.81747 -5.81747 1 1 0
-1.90026 -5.82705 -5.82705 1 1 0
-1.90313 -5.83663 -5.83663 1 1 0
-1.90601 -5.8462 -5.8462 1 1 0
-1.90889 -5.85578 -5.85578 1 1 0
-1.91176 -5.86536 -5.86536 1 1 0
-1.91464 -5.87494 -5.87494 1 1 0
-1.91752 -5.88451 -5.88451 1 1 0
-1.92039 -5.89409 -5.89409 1 1 0
-1.92327 -5.90367 -5.90367 1 1 0
-1.92615 -5.91325 -5.91325 1 1 0
-1.92902 -5.92282 -5.92282 1 1 0
-1.9319 -5.9324 -5.9324 1 1 0
-1.93478 -5.94198 -5.94198 1 1 0
-1.93765 -5.95156 -5.95156 1 1 0
-1.94053 -5.96113 -5.96113 1 1 0
-1.94341 -5.97071 -5.97071 1 1 0
-1.94628 -5.98029 -5.98029 1 1 0
-1.94916 -5.98987 -5.98987 1 1 0
-1.95203 -5.99944 -5.99944 1 1 0
-1.95491 -6.00902 -6.00902 1 1 0
-1.95779 -6.0186 -6.0186 1 1 0
-1.96066 -6.02817 -6.02817 1 1 0
-1.96354 -6.03775 -6.03775 1 1 0
-1.96642 -6.04733 -6.04733 1 1 0
-1.96929 -6.05691 -6.05691 1 1 0
-1.97217 -6.06648 -6.06648 1 1 0
-1.97505 -6.07606 -6.07606 1 1 0
-1.97792 -6.08564 -6.08564 1 1 0
-1.9808 -6.09522 -6.09522 1 1 0
-1.98368 -6.10479 -6.10479 1 1 0
-1.98655 -6.11437 -6.11437 1 1 0
-1.98943 -6.12395 -6.12395 1 1 0
-1.9923 -6.13353 -6.13353 1 1 0
-1.99518 -6.1431 -6.1431 1 1 0
-1.99806 -6.15268 -6.15268 1 1 0
-2.00093 -6.16226 -6.16226 1 1 0
