3 9.87688 9.87688 2 1 0
2.99988 9.8765 9.8765 1 1 0
2.99976 9.87612 9.87612 1 1 0
2.99951 9.87536 9.87536 1 1 0
2.99903 9.87384 9.87384 1 1 0
2.99805 9.87079 9.87079 1 1 0
2.9961 9.86469 9.86469 1 1 0
2.99305 9.85517 9.85517 1 1 0
2.99001 9.84564 9.84564 1 1 0
2.98696 9.83612 9.83612 1 1 0
2.98391 9.8266 9.8266 1 1 0
2.98087 9.81707 9.81707 1 1 0
2.97782 9.80755 9.80755 1 1 0
2.97477 9.79802 9.79802 1 1 0
2.97173 9.7885 9.7885 1 1 0
2.96868 9.77897 9.77897 1 1 0
2.96563 9.76945 9.76945 1 1 0
2.96259 9.75992 9.75992 1 1 0
2.95954 9.7504 9.7504 1 1 0
2.95649 9.74087 9.74087 1 1 0
2.95345 9.73135 9.73135 1 1 0
2.9504 9.72182 9.72182 1 1 0
2.94735 9.7123 9.7123 1 1 0
2.94431 9.70278 9.70278 1 1 0
2.94126 9.69325 9.69325 1 1 0
2.93821 9.68373 9.68373 1 1 0
2.93516 9.6742 9.6742 1 1 0
2.93212 9.66468 9.66468 1 1 0
2.92907 9.65515 9.65515 1 1 0
2.92602 9.64563 9.64563 1 1 0
2.92298 9.6361 9.6361 1 1 0
2.91993 9.62658 9.62658 1 1 0
2.91688 9.61705 9.61705 1 1 0
2.91384 9.60753 9.60753 1 1 0
2.91079 9.59801 9.59801 1 1 0
2.90774 9.58848 9.58848 1 1 0
2.9047 9.57896 9.57896 1 1 0
2.90165 9.56943 9.56943 1 1 0
2.8986 9.55991 9.55991 1 1 0
2.89556 9.55038 9.55038 1 1 0
2.89251 9.54086 9.54086 1 1 0
2.88946 9.53133 9.53133 1 1 0
2.88642 9.52181 9.52181 1 1 0
2.88337 9.51228 9.51228 1 1 0
2.88032 9.50276 9.50276 1 1 0
2.87728 9.49324 9.49324 1 1 0
2.87423 9.48371 9.48371 1 1 0
2.87118 9.47419 9.47419 1 1 0
2.86814 9.46466 9.46466 1 1 0
2.86509 9.45514 9.45514 1 1 0
2.86204 9.44561 9.44561 1 1 0
2.859 9.43609 9.43609 1 1 0
2.85595 9.42656 9.42656 1 1 0
2.8529 9.41704 9.41704 1 1 0
2.84986 9.40751 9.40751 1 1 0
2.84681 9.39799 9.39799 1 1 0
2.84376 9.38847 9.38847 1 1 0
2.84072 9.37894 9.37894 1 1 0
2.83767 9.36942 9.36942 1 1 0
2.83462 9.35989 9.35989 1 1 0
2.83158 9.35037 9.35037 1 1 0
2.82853 9.34084 9.34084 1 1 0
2.82548 9.33132 9.33132 1 1 0
2.82243 9.32179 9.32179 1 1 0
2.81939 9.31227 9.31227 1 1 0
2.81634 9.30274 9.30274 1 1 0
2.81329 9.29322 9.29322 1 1 0
2.81025 9.2837 9.2837 1 1 0
2.8072 9.27417 9.27417 1 1 0
2.80415 9.26465 9.26465 1 1 0
2.80111 9.25512 9.25512 1 1 0
2.79806 9.2456 9.2456 1 1 0
2.79501 9.23607 9.23607 1 1 0
2.79197 9.22655 9.22655 1 1 0
2.78892 9.21702 9.21702 1 1 0
2.78587 9.2075 9.2075 1 1 0
2.78283 9.19797 9.19797 1 1 0
2.77978 9.18845 9.18845 1 1 0
2.77673 9.17892 9.17892 1 1 0
2.77369 9.1694 9.1694 1 1 0
2.77064 9.15988 9.15988 1 1 0
2.76759 9.15035 9.15035 1 1 0
2.76455 9.14083 9.14083 1 1 0
2.7615 9.1313 9.1313 1 1 0
2.75845 9.12178 9.12178 1 1 0
2.75541 9.11225 9.11225 1 1 0
2.75236 9.10273 9.10273 1 1 0
2.74931 9.0932 9.0932 1 1 0
2.74627 9.08368 9.08368 1 1 0
2.74322 9.07415 9.07415 1 1 0
2.74017 9.06463 9.06463 1 1 0
2.73713 9.05511 9.05511 1 1 0
2.73408 9.04558 9.04558 1 1 0
2.73103 9.03606 9.03606 1 1 0
2.72799 9.02653 9.02653 1 1 0
2.72494 9.01701 9.01701 1 1 0
2.72189 9.00748 9.00748 1 1 0
2.71884 8.99796 8.99796 1 1 0
2.7158 8.98843 8.98843 1 1 0
2.71275 8.97891 8.97891 1 1 0
2.7097 8.96938 8.96938 1 1 0
2.70666 8.95986 8.95986 1 1 0
2.70361 8.95034 8.95034 1 1 0
2.70056 8.94081 8.94081 1 1 0
2.69752 8.93129 8.93129 1 1 0
2.69447 8.92176 8.92176 1 1 0
2.69142 8.91224 8.91224 1 1 0
2.68838 8.90271 8.90271 1 1 0
2.68533 8.89319 8.89319 1 1 0
2.68228 8.88366 8.88366 1 1 0
2.67924 8.87414 8.87414 1 1 0
2.67619 8.86461 8.86461 1 1 0
2.67314 8.85509 8.85509 1 1 0
2.6701 8.84557 8.84557 1 1 0
2.66705 8.83604 8.83604 1 1 0
2.664 8.82652 8.82652 1 1 0
2.66096 8.81699 8.81699 1 1 0
2.65791 8.80747 8.80747 1 1 0
2.65486 8.79794 8.79794 1 1 0
2.65182 8.78842 8.78842 1 1 0
2.64877 8.77889 8.77889 1 1 0
2.64572 8.76937 8.76937 1 1 0
2.64268 8.75984 8.75984 1 1 0
2.63963 8.75032 8.75032 1 1 0
2.63658 8.7408 8.7408 1 1 0
2.63354 8.73127 8.73127 1 1 0
2.63049 8.72175 8.72175 1 1 0
2.62744 8.71222 8.71222 1 1 0
2.6244 8.7027 8.7027 1 1 0
2.62135 8.69317 8.69317 1 1 0
2.6183 8.68365 8.68365 1 1 0
2.61526 8.67412 8.67412 1 1 0
2.61221 8.6646 8.6646 1 1 0
2.60916 8.65507 8.65507 1 1 0
2.60611 8.64555 8.64555 1 1 0
2.60307 8.63602 8.63602 1 1 0
2.60002 8.6265 8.6265 1 1 0
2.59697 8.61698 8.61698 1 1 0
2.59393 8.60745 8.60745 1 1 0
2.59088 8.59793 8.59793 1 1 0
2.58783 8.5884 8.5884 1 1 0
2.58479 8.57888 8.57888 1 1 0
2.58174 8.56935 8.56935 1 1 0
2.57869 8.55983 8.55983 1 1 0
2.57565 8.5503 8.5503 1 1 0
2.5726 8.54078 8.54078 1 1 0
2.56955 8.53125 8.53125 1 1 0
2.56651 8.52173 8.52173 1 1 0
2.56346 8.51221 8.51221 1 1 0
2.56041 8.50268 8.50268 1 1 0
2.55737 8.49316 8.49316 1 1 0
2.55432 8.48363 8.48363 1 1 0
2.55127 8.47411 8.47411 1 1 0
2.54823 8.46458 8.46458 1 1 0
2.54518 8.45506 8.45506 1 1 0
2.54213 8.44553 8.44553 1 1 0
2.53909 8.43601 8.43601 1 1 0
2.53604 8.42648 8.42648 1 1 0
2.53299 8.41696 8.41696 1 1 0
2.52995 8.40744 8.40744 1 1 0
2.5269 8.39791 8.39791 1 1 0
2.52385 8.38839 8.38839 1 1 0
2.52081 8.37886 8.37886 1 1 0
2.51776 8.36934 8.36934 1 1 0
2.51471 8.35981 8.35981 1 1 0
2.51167 8.35029 8.35029 1 1 0
2.50862 8.34076 8.34076 1 1 0
2.50557 8.33124 8.33124 1 1 0
2.50252 8.32171 8.32171 1 1 0
2.49948 8.31219 8.31219 1 1 0
2.49643 8.30267 8.30267 1 1 0
2.49338 8.29314 8.29314 1 1 0
2.49034 8.28362 8.28362 1 1 0
2.48729 8.27409 8.27409 1 1 0
2.48424 8.26457 8.26457 1 1 0
2.4812 8.25504 8.25504 1 1 0
2.47815 8.24552 8.24552 1 1 0
2.4751 8.23599 8.23599 1 1 0
2.47206 8.22647 8.22647 1 1 0
2.46901 8.21694 8.21694 1 1 0
2.46596 8.20742 8.20742 1 1 0
2.46292 8.1979 8.1979 1 1 0
2.45987 8.18837 8.18837 1 1 0
2.45682 8.17885 8.17885 1 1 0
2.45378 8.16932 8.16932 1 1 0
2.45073 8.1598 8.1598 1 1 0
2.44768 8.15027 8.15027 1 1 0
2.44464 8.14075 8.14075 1 1 0
2.44159 8.13122 8.13122 1 1 0
2.43854 8.1217 8.1217 1 1 0
2.4355 8.11217 8.11217 1 1 0
2.43245 8.10265 8.10265 1 1 0
2.4294 8.09312 8.09312 1 1 0
2.42636 8.0836 8.0836 1 1 0
2.42331 8.07408 8.07408 1 1 0
2.42026 8.06455 8.06455 1 1 0
2.41722 8.05503 8.05503 1 1 0
2.41417 8.0455 8.0455 1 1 0
2.41112 8.03598 8.03598 1 1 0
2.40808 8.02645 8.02645 1 1 0
2.40503 8.01693 8.01693 1 1 0
2.40198 8.0074 8.0074 1 1 0
2.39894 7.99788 7.99788 1 1 0
2.39589 7.98835 7.98835 1 1 0
2.39284 7.97883 7.97883 1 1 0
2.38979 7.96931 7.96931 1 1 0
2.38675 7.95978 7.95978 1 1 0
2.3837 7.95026 7.95026 1 1 0
2.38065 7.94073 7.94073 1 1 0
2.37761 7.93121 7.93121 1 1 0
2.37456 7.92168 7.92168 1 1 0
2.37151 7.91216 7.91216 1 1 0
2.36847 7.90263 7.90263 1 1 0
2.36542 7.89311 7.89311 1 1 0
2.36237 7.88358 7.88358 1 1 0
2.35933 7.87406 7.87406 1 1 0
2.35628 7.86454 7.86454 1 1 0
2.35323 7.85501 7.85501 1 1 0
2.35019 7.84549 7.84549 1 1 0
2.34714 7.83596 7.83596 1 1 0
2.34409 7.82644 7.82644 1 1 0
2.34105 7.81691 7.81691 1 1 0
2.338 7.80739 7.80739 1 1 0
2.33495 7.79786 7.79786 1 1 0
2.33191 7.78834 7.78834 1 1 0
2.32886 7.77881 7.77881 1 1 0
2.32581 7.76929 7.76929 1 1 0
2.32277 7.75977 7.75977 1 1 0
2.31972 7.75024 7.75024 1 1 0
2.31667 7.74072 7.74072 1 1 0
2.31363 7.73119 7.73119 1 1 0
2.31058 7.72167 7.72167 1 1 0
2.30753 7.71214 7.71214 1 1 0
2.30449 7.70262 7.70262 1 1 0
2.30144 7.69309 7.69309 1 1 0
2.29839 7.68357 7.68357 1 1 0
2.29535 7.67404 7.67404 1 1 0
2.2923 7.66452 7.66452 1 1 0
2.28925 7.655 7.655 1 1 0
2.2862 7.64547 7.64547 1 1 0
2.28316 7.63595 7.63595 1 1 0
2.28011 7.62642 7.62642 1 1 0
2.27706 7.6169 7.6169 1 1 0
2.27402 7.60737 7.60737 1 1 0
2.27097 7.59785 7.59785 1 1 0
2.26792 7.58832 7.58832 1 1 0
2.26488 7.5788 7.5788 1 1 0
2.26183 7.56927 7.56927 1 1 0
2.25878 7.55975 7.55975 1 1 0
2.25574 7.55022 7.55022 1 1 0
2.25269 7.5407 7.5407 1 1 0
2.24964 7.53118 7.53118 1 1 0
2.2466 7.52165 7.52165 1 1 0
2.24355 7.51213 7.51213 1 1 0
2.2405 7.5026 7.5026 1 1 0
2.23746 7.49308 7.49308 1 1 0
2.23441 7.48355 7.48355 1 1 0
2.23136 7.47403 7.47403 1 1 0
2.22832 7.4645 7.4645 1 1 0
2.22527 7.45498 7.45498 1 1 0
2.22222 7.44545 7.44545 1 1 0
2.21918 7.43593 7.43593 1 1 0
2.21613 7.42641 7.42641 1 1 0
2.21308 7.41688 7.41688 1 1 0
2.21004 7.40736 7.40736 1 1 0
2.20699 7.39783 7.39783 1 1 0
2.20394 7.38831 7.38831 1 1 0
2.2009 7.37878 7.37878 1 1 0
2.19785 7.36926 7.36926 1 1 0
2.1948 7.35973 7.35973 1 1 0
2.19176 7.35021 7.35021 1 1 0
2.18871 7.34068 7.34068 1 1 0
2.18566 7.33116 7.33116 1 1 0
2.18262 7.32164 7.32164 1 1 0
2.17957 7.31211 7.31211 1 1 0
2.17652 7.30259 7.30259 1 1 0
2.17347 7.29306 7.29306 1 1 0
2.17043 7.28354 7.28354 1 1 0
2.16738 7.27401 7.27401 1 1 0
2.16433 7.26449 7.26449 1 1 0
2.16129 7.25496 7.25496 1 1 0
2.15824 7.24544 7.24544 1 1 0
2.15519 7.23591 7.23591 1 1 0
2.15215 7.22639 7.22639 1 1 0
2.1491 7.21687 7.21687 1 1 0
2.14605 7.20734 7.20734 1 1 0
2.14301 7.19782 7.19782 1 1 0
2.13996 7.18829 7.18829 1 1 0
2.13691 7.17877 7.17877 1 1 0
2.13387 7.16924 7.16924 1 1 0
2.13082 7.15972 7.15972 1 1 0
2.12777 7.15019 7.15019 1 1 0
2.12473 7.14067 7.14067 1 1 0
2.12168 7.13114 7.13114 1 1 0
2.11863 7.12162 7.12162 1 1 0
2.11559 7.1121 7.1121 1 1 0
2.11254 7.10257 7.10257 1 1 0
2.10949 7.09305 7.09305 1 1 0
2.10645 7.08352 7.08352 1 1 0
2.1034 7.074 7.074 1 1 0
2.10035 7.06447 7.06447 1 1 0
2.09731 7.05495 7.05495 1 1 0
2.09426 7.04542 7.04542 1 1 0
2.09121 7.0359 7.0359 1 1 0
2.08817 7.02637 7.02637 1 1 0
2.08512 7.01685 7.01685 1 1 0
2.08207 7.00732 7.00732 1 1 0
2.07903 6.9978 6.9978 1 1 0
2.07598 6.98828 6.98828 1 1 0
2.07293 6.97875 6.97875 1 1 0
2.06989 6.96923 6.96923 1 1 0
2.06684 6.9597 6.9597 1 1 0
2.06379 6.95018 6.95018 1 1 0
2.06074 6.94065 6.94065 1 1 0
2.0577 6.93113 6.93113 1 1 0
2.05465 6.9216 6.9216 1 1 0
2.0516 6.91208 6.91208 1 1 0
2.04856 6.90255 6.90255 1 1 0
2.04551 6.89303 6.89303 1 1 0
2.04246 6.88351 6.88351 1 1 0
2.03942 6.87398 6.87398 1 1 0
2.03637 6.86446 6.86446 1 1 0
2.03332 6.85493 6.85493 1 1 0
2.03028 6.84541 6.84541 1 1 0
2.02723 6.83588 6.83588 1 1 0
2.02418 6.82636 6.82636 1 1 0
2.02114 6.81683 6.81683 1 1 0
2.01809 6.80731 6.80731 1 1 0
2.01504 6.79778 6.79778 1 1 0
2.012 6.78826 6.78826 1 1 0
2.00895 6.77874 6.77874 1 1 0
2.0059 6.76921 6.76921 1 1 0
2.00286 6.75969 6.75969 1 1 0
1.99981 6.75016 6.75016 1 1 0
1.99676 6.74064 6.74064 1 1 0
1.99372 6.73111 6.73111 1 1 0
1.99067 6.72159 6.72159 1 1 0
1.98762 6.71206 6.71206 1 1 0
1.98458 6.70254 6.70254 1 1 0
1.98153 6.69301 6.69301 1 1 0
1.97848 6.68349 6.68349 1 1 0
1.97544 6.67397 6.67397 1 1 0
1.97239 6.66444 6.66444 1 1 0
1.96934 6.65492 6.65492 1 1 0
1.9663 6.64539 6.64539 1 1 0
1.96325 6.63587 6.63587 1 1 0
1.9602 6.62634 6.62634 1 1 0
1.95715 6.61682 6.61682 1 1 0
1.95411 6.60729 6.60729 1 1 0
1.95106 6.59777 6.59777 1 1 0
1.94801 6.58824 6.58824 1 1 0
1.94497 6.57872 6.57872 1 1 0
1.94192 6.5692 6.5692 1 1 0
1.93887 6.55967 6.55967 1 1 0
1.93583 6.55015 6.55015 1 1 0
1.93278 6.54062 6.54062 1 1 0
1.92973 6.5311 6.5311 1 1 0
1.92669 6.52157 6.52157 1 1 0
1.92364 6.51205 6.51205 1 1 0
1.92059 6.50252 6.50252 1 1 0
1.91755 6.493 6.493 1 1 0
1.9145 6.48347 6.48347 1 1 0
1.91145 6.47395 6.47395 1 1 0
1.90841 6.46442 6.46442 1 1 0
1.90536 6.4549 6.4549 1 1 0
1.90231 6.44538 6.44538 1 1 0
1.89927 6.43585 6.43585 1 1 0
1.89622 6.42633 6.42633 1 1 0
1.89317 6.4168 6.4168 1 1 0
1.89013 6.40728 6.40728 1 1 0
1.88708 6.39775 6.39775 1 1 0
1.88403 6.38823 6.38823 1 1 0
1.88099 6.3787 6.3787 1 1 0
1.87794 6.36918 6.36918 1 1 0
1.87489 6.35965 6.35965 1 1 0
1.87185 6.35013 6.35013 1 1 0
1.8688 6.34061 6.34061 1 1 0
1.86575 6.33108 6.33108 1 1 0
1.86271 6.32156 6.32156 1 1 0
1.85966 6.31203 6.31203 1 1 0
1.85661 6.30251 6.30251 1 1 0
1.85357 6.29298 6.29298 1 1 0
1.85052 6.28346 6.28346 1 1 0
1.84747 6.27393 6.27393 1 1 0
1.84442 6.26441 6.26441 1 1 0
1.84138 6.25488 6.25488 1 1 0
1.83833 6.24536 6.24536 1 1 0
1.83528 6.23584 6.23584 1 1 0
1.83224 6.22631 6.22631 1 1 0
1.82919 6.21679 6.21679 1 1 0
1.82614 6.20726 6.20726 1 1 0
1.8231 6.19774 6.19774 1 1 0
1.82005 6.18821 6.18821 1 1 0
1.817 6.17869 6.17869 1 1 0
1.81396 6.16916 6.16916 1 1 0
1.81091 6.15964 6.15964 1 1 0
1.80786 6.15011 6.15011 1 1 0
1.80482 6.14059 6.14059 1 1 0
1.80177 6.13107 6.13107 1 1 0
1.79872 6.12154 6.12154 1 1 0
1.79568 6.11202 6.11202 1 1 0
1.79263 6.10249 6.10249 1 1 0
1.78958 6.09297 6.09297 1 1 0
1.78654 6.08344 6.08344 1 1 0
1.78349 6.07392 6.07392 1 1 0
1.78044 6.06439 6.06439 1 1 0
1.7774 6.05487 6.05487 1 1 0
1.77435 6.04534 6.04534 1 1 0
1.7713 6.03582 6.03582 1 1 0
1.76826 6.0263 6.0263 1 1 0
1.76521 6.01677 6.01677 1 1 0
1.76216 6.00725 6.00725 1 1 0
1.75912 5.99772 5.99772 1 1 0
1.75607 5.9882 5.9882 1 1 0
1.75302 5.97867 5.97867 1 1 0
1.74998 5.96915 5.96915 1 1 0
1.74693 5.95962 5.95962 1 1 0
1.74388 5.9501 5.9501 1 1 0
1.74083 5.94057 5.94057 1 1 0
1.73779 5.93105 5.93105 1 1 0
1.73474 5.92152 5.92152 1 1 0
1.73169 5.912 5.912 1 1 0
1.72865 5.90248 5.90248 1 1 0
1.7256 5.89295 5.89295 1 1 0
1.72255 5.88343 5.88343 1 1 0
1.71951 5.8739 5.8739 1 1 0
1.71646 5.86438 5.86438 1 1 0
1.71341 5.85485 5.85485 1 1 0
1.71037 5.84533 5.84533 1 1 0
1.70732 5.8358 5.8358 1 1 0
1.70427 5.82628 5.82628 1 1 0
1.70123 5.81675 5.81675 1 1 0
1.69818 5.80723 5.80723 1 1 0
1.69513 5.79771 5.79771 1 1 0
1.69209 5.78818 5.78818 1 1 0
1.68904 5.77866 5.77866 1 1 0
1.68599 5.76913 5.76913 1 1 0
1.68295 5.75961 5.75961 1 1 0
1.6799 5.75008 5.75008 1 1 0
1.67685 5.74056 5.74056 1 1 0
1.67381 5.73103 5.73103 1 1 0
1.67076 5.72151 5.72151 1 1 0
1.66771 5.71198 5.71198 1 1 0
1.66467 5.70246 5.70246 1 1 0
1.66162 5.69294 5.69294 1 1 0
1.65857 5.68341 5.68341 1 1 0
1.65553 5.67389 5.67389 1 1 0
1.65248 5.66436 5.66436 1 1 0
1.64943 5.65484 5.65484 1 1 0
1.64639 5.64531 5.64531 1 1 0
1.64334 5.63579 5.63579 1 1 0
1.64029 5.62626 5.62626 1 1 0
1.63725 5.61674 5.61674 1 1 0
1.6342 5.60721 5.60721 1 1 0
1.63115 5.59769 5.59769 1 1 0
1.6281 5.58817 5.58817 1 1 0
1.62506 5.57864 5.57864 1 1 0
1.62201 5.56912 5.56912 1 1 0
1.61896 5.55959 5.55959 1 1 0
1.61592 5.55007 5.55007 1 1 0
1.61287 5.54054 5.54054 1 1 0
1.60982 5.53102 5.53102 1 1 0
1.60678 5.52149 5.52149 1 1 0
1.60373 5.51197 5.51197 1 1 0
1.60068 5.50244 5.50244 1 1 0
1.59764 5.49292 5.49292 1 1 0
1.59459 5.4834 5.4834 1 1 0
1.59154 5.47387 5.47387 1 1 0
1.5885 5.46435 5.46435 1 1 0
1.58545 5.45482 5.45482 1 1 0
1.5824 5.4453 5.4453 1 1 0
1.57936 5.43577 5.43577 1 1 0
1.57631 5.42625 5.42625 1 1 0
1.57326 5.41672 5.41672 1 1 0
1.57022 5.4072 5.4072 1 1 0
1.56717 5.39767 5.39767 1 1 0
1.56412 5.38815 5.38815 1 1 0
1.56108 5.37862 5.37862 1 1 0
1.55803 5.3691 5.3691 1 1 0
1.55498 5.35958 5.35958 1 1 0
1.55194 5.35005 5.35005 1 1 0
1.54889 5.34053 5.34053 1 1 0
1.54584 5.331 5.331 1 1 0
1.5428 5.32148 5.32148 1 1 0
1.53975 5.31195 5.31195 1 1 0
1.5367 5.30243 5.30243 1 1 0
1.53366 5.2929 5.2929 1 1 0
1.53061 5.28338 5.28338 1 1 0
1.52756 5.27385 5.27385 1 1 0
1.52451 5.26433 5.26433 1 1 0
1.52147 5.25481 5.25481 1 1 0
1.51842 5.24528 5.24528 1 1 0
1.51537 5.23576 5.23576 1 1 0
1.51233 5.22623 5.22623 1 1 0
1.50928 5.21671 5.21671 1 1 0
1.50623 5.20718 5.20718 1 1 0
1.50319 5.19766 5.19766 1 1 0
1.50014 5.18813 5.18813 1 1 0
1.49709 5.17861 5.17861 1 1 0
1.49405 5.16908 5.16908 1 1 0
1.491 5.15956 5.15956 1 1 0
1.48795 5.15004 5.15004 1 1 0
1.48491 5.14051 5.14051 1 1 0
1.48186 5.13099 5.13099 1 1 0
1.47881 5.12146 5.12146 1 1 0
1.47577 5.11194 5.11194 1 1 0
1.47272 5.10241 5.10241 1 1 0
1.46967 5.09289 5.09289 1 1 0
1.46663 5.08336 5.08336 1 1 0
1.46358 5.07384 5.07384 1 1 0
1.46053 5.06431 5.06431 1 1 0
1.45749 5.05479 5.05479 1 1 0
1.45444 5.04527 5.04527 1 1 0
1.45139 5.03574 5.03574 1 1 0
1.44835 5.02622 5.02622 1 1 0
1.4453 5.01669 5.01669 1 1 0
1.44225 5.00717 5.00717 1 1 0
1.43921 4.99764 4.99764 1 1 0
1.43616 4.98812 4.98812 1 1 0
1.43311 4.97859 4.97859 1 1 0
1.43007 4.96907 4.96907 1 1 0
1.42702 4.95954 4.95954 1 1 0
1.42397 4.95002 4.95002 1 1 0
1.42093 4.9405 4.9405 1 1 0
1.41788 4.93097 4.93097 1 1 0
1.41483 4.92145 4.92145 1 1 0
1.41178 4.91192 4.91192 1 1 0
1.40874 4.9024 4.9024 1 1 0
1.40569 4.89287 4.89287 1 1 0
1.40264 4.88335 4.88335 1 1 0
1.3996 4.87382 4.87382 1 1 0
1.39655 4.8643 4.8643 1 1 0
1.3935 4.85477 4.85477 1 1 0
1.39046 4.84525 4.84525 1 1 0
1.38741 4.83572 4.83572 1 1 0
1.38436 4.8262 4.8262 1 1 0
1.38132 4.81668 4.81668 1 1 0
1.37827 4.80715 4.80715 1 1 0
1.37522 4.79763 4.79763 1 1 0
1.37218 4.7881 4.7881 1 1 0
1.36913 4.77858 4.77858 1 1 0
1.36608 4.76905 4.76905 1 1 0
1.36304 4.75953 4.75953 1 1 0
1.35999 4.75 4.75 1 1 0
1.35694 4.74048 4.74048 1 1 0
1.3539 4.73095 4.73095 1 1 0
1.35085 4.72143 4.72143 1 1 0
1.3478 4.71191 4.71191 1 1 0
1.34476 4.70238 4.70238 1 1 0
1.34171 4.69286 4.69286 1 1 0
1.33866 4.68333 4.68333 1 1 0
1.33562 4.67381 4.67381 1 1 0
1.33257 4.66428 4.66428 1 1 0
1.32952 4.65476 4.65476 1 1 0
1.32648 4.64523 4.64523 1 1 0
1.32343 4.63571 4.63571 1 1 0
1.32038 4.62618 4.62618 1 1 0
1.31734 4.61666 4.61666 1 1 0
1.31429 4.60714 4.60714 1 1 0
1.31124 4.59761 4.59761 1 1 0
1.30819 4.58809 4.58809 1 1 0
1.30515 4.57856 4.57856 1 1 0
1.3021 4.56904 4.56904 1 1 0
1.29905 4.55951 4.55951 1 1 0
1.29601 4.54999 4.54999 1 1 0
1.29296 4.54046 4.54046 1 1 0
1.28991 4.53094 4.53094 1 1 0
1.28687 4.52141 4.52141 1 1 0
1.28382 4.51189 4.51189 1 1 0
1.28077 4.50237 4.50237 1 1 0
1.27773 4.49284 4.49284 1 1 0
1.27468 4.48332 4.48332 1 1 0
1.27163 4.47379 4.47379 1 1 0
1.26859 4.46427 4.46427 1 1 0
1.26554 4.45474 4.45474 1 1 0
1.26249 4.44522 4.44522 1 1 0
1.25945 4.43569 4.43569 1 1 0
1.2564 4.42617 4.42617 1 1 0
1.25335 4.41664 4.41664 1 1 0
1.25031 4.40712 4.40712 1 1 0
1.24726 4.3976 4.3976 1 1 0
1.24421 4.38807 4.38807 1 1 0
1.24117 4.37855 4.37855 1 1 0
1.23812 4.36902 4.36902 1 1 0
1.23507 4.3595 4.3595 1 1 0
1.23203 4.34997 4.34997 1 1 0
1.22898 4.34045 4.34045 1 1 0
1.22593 4.33092 4.33092 1 1 0
1.22289 4.3214 4.3214 1 1 0
1.21984 4.31187 4.31187 1 1 0
1.21679 4.30235 4.30235 1 1 0
1.21375 4.29282 4.29282 1 1 0
1.2107 4.2833 4.2833 1 1 0
1.20765 4.27378 4.27378 1 1 0
1.20461 4.26425 4.26425 1 1 0
1.20156 4.25473 4.25473 1 1 0
1.19851 4.2452 4.2452 1 1 0
1.19546 4.23568 4.23568 1 1 0
1.19242 4.22615 4.22615 1 1 0
1.18937 4.21663 4.21663 1 1 0
1.18632 4.2071 4.2071 1 1 0
1.18328 4.19758 4.19758 1 1 0
1.18023 4.18805 4.18805 1 1 0
1.17718 4.17853 4.17853 1 1 0
1.17414 4.16901 4.16901 1 1 0
1.17109 4.15948 4.15948 1 1 0
1.16804 4.14996 4.14996 1 1 0
1.165 4.14043 4.14043 1 1 0
1.16195 4.13091 4.13091 1 1 0
1.1589 4.12138 4.12138 1 1 0
1.15586 4.11186 4.11186 1 1 0
1.15281 4.10233 4.10233 1 1 0
1.14976 4.09281 4.09281 1 1 0
1.14672 4.08328 4.08328 1 1 0
1.14367 4.07376 4.07376 1 1 0
1.14062 4.06424 4.06424 1 1 0
1.13758 4.05471 4.05471 1 1 0
1.13453 4.04519 4.04519 1 1 0
1.13148 4.03566 4.03566 1 1 0
1.12844 4.02614 4.02614 1 1 0
1.12539 4.01661 4.01661 1 1 0
1.12234 4.00709 4.00709 1 1 0
1.1193 3.99756 3.99756 1 1 0
1.11625 3.98804 3.98804 1 1 0
1.1132 3.97851 3.97851 1 1 0
1.11016 3.96899 3.96899 1 1 0
1.10711 3.95947 3.95947 1 1 0
1.10406 3.94994 3.94994 1 1 0
1.10102 3.94042 3.94042 1 1 0
1.09797 3.93089 3.93089 1 1 0
1.09492 3.92137 3.92137 1 1 0
1.09187 3.91184 3.91184 1 1 0
1.08883 3.90232 3.90232 1 1 0
1.08578 3.89279 3.89279 1 1 0
1.08273 3.88327 3.88327 1 1 0
1.07969 3.87374 3.87374 1 1 0
1.07664 3.86422 3.86422 1 1 0
1.07359 3.8547 3.8547 1 1 0
1.07055 3.84517 3.84517 1 1 0
1.0675 3.83565 3.83565 1 1 0
1.06445 3.82612 3.82612 1 1 0
1.06141 3.8166 3.8166 1 1 0
1.05836 3.80707 3.80707 1 1 0
1.05531 3.79755 3.79755 1 1 0
1.05227 3.78802 3.78802 1 1 0
1.04922 3.7785 3.7785 1 1 0
1.04617 3.76897 3.76897 1 1 0
1.04313 3.75945 3.75945 1 1 0
1.04008 3.74992 3.74992 1 1 0
1.03703 3.7404 3.7404 1 1 0
1.03399 3.73088 3.73088 1 1 0
1.03094 3.72135 3.72135 1 1 0
1.02789 3.71183 3.71183 1 1 0
1.02485 3.7023 3.7023 1 1 0
1.0218 3.69278 3.69278 1 1 0
1.01875 3.68325 3.68325 1 1 0
1.01571 3.67373 3.67373 1 1 0
1.01266 3.6642 3.6642 1 1 0
1.00961 3.65468 3.65468 1 1 0
1.00657 3.64515 3.64515 1 1 0
1.00352 3.63563 3.63563 1 1 0
1.00047 3.62611 3.62611 1 1 0
0.997425 3.61658 3.61658 1 1 0
0.994378 3.60706 3.60706 1 1 0
0.991332 3.59753 3.59753 1 1 0
0.988285 3.58801 3.58801 1 1 0
0.985238 3.57848 3.57848 1 1 0
0.982191 3.56896 3.56896 1 1 0
0.979145 3.55943 3.55943 1 1 0
0.976098 3.54991 3.54991 1 1 0
0.973051 3.54038 3.54038 1 1 0
0.970004 3.53086 3.53086 1 1 0
0.966957 3.52134 3.52134 1 1 0
0.963911 3.51181 3.51181 1 1 0
0.960864 3.50229 3.50229 1 1 0
0.957817 3.49276 3.49276 1 1 0
0.95477 3.48324 3.48324 1 1 0
0.951724 3.47371 3.47371 1 1 0
0.948677 3.46419 3.46419 1 1 0
0.94563 3.45466 3.45466 1 1 0
0.942583 3.44514 3.44514 1 1 0
0.939537 3.43561 3.43561 1 1 0
0.93649 3.42609 3.42609 1 1 0
0.933443 3.41657 3.41657 1 1 0
0.930396 3.40704 3.40704 1 1 0
0.927349 3.39752 3.39752 1 1 0
0.924303 3.38799 3.38799 1 1 0
0.921256 3.37847 3.37847 1 1 0
0.918209 3.36894 3.36894 1 1 0
0.915162 3.35942 3.35942 1 1 0
0.912116 3.34989 3.34989 1 1 0
0.909069 3.34037 3.34037 1 1 0
0.906022 3.33084 3.33084 1 1 0
0.902975 3.32132 3.32132 1 1 0
0.899929 3.3118 3.3118 1 1 0
0.896882 3.30227 3.30227 1 1 0
0.893835 3.29275 3.29275 1 1 0
0.890788 3.28322 3.28322 1 1 0
0.887742 3.2737 3.2737 1 1 0
0.884695 3.26417 3.26417 1 1 0
0.881648 3.25465 3.25465 1 1 0
0.878601 3.24512 3.24512 1 1 0
0.875554 3.2356 3.2356 1 1 0
0.872508 3.22607 3.22607 1 1 0
0.869461 3.21655 3.21655 1 1 0
0.866414 3.20703 3.20703 1 1 0
0.863367 3.1975 3.1975 1 1 0
0.860321 3.18798 3.18798 1 1 0
0.857274 3.17845 3.17845 1 1 0
0.854227 3.16893 3.16893 1 1 0
0.85118 3.1594 3.1594 1 1 0
0.848133 3.14988 3.14988 1 1 0
0.845087 3.14035 3.14035 1 1 0
0.84204 3.13083 3.13083 1 1 0
0.838993 3.1213 3.1213 1 1 0
0.835946 3.11178 3.11178 1 1 0
0.8329 3.10225 3.10225 1 1 0
0.829853 3.09273 3.09273 1 1 0
0.826806 3.08321 3.08321 1 1 0
0.823759 3.07368 3.07368 1 1 0
0.820712 3.06416 3.06416 1 1 0
0.817666 3.05463 3.05463 1 1 0
0.814619 3.04511 3.04511 1 1 0
0.811572 3.03558 3.03558 1 1 0
0.808525 3.02606 3.02606 1 1 0
0.805479 3.01653 3.01653 1 1 0
0.802432 3.00701 3.00701 1 1 0
0.799385 2.99748 2.99748 1 1 0
0.796338 2.98796 2.98796 1 1 0
0.793291 2.97844 2.97844 1 1 0
0.790245 2.96891 2.96891 1 1 0
0.787198 2.95939 2.95939 1 1 0
0.784151 2.94986 2.94986 1 1 0
0.781104 2.94034 2.94034 1 1 0
0.778058 2.93081 2.93081 1 1 0
0.775011 2.92129 2.92129 1 1 0
0.771964 2.91176 2.91176 1 1 0
0.768917 2.90224 2.90224 1 1 0
0.76587 2.89271 2.89271 1 1 0
0.762824 2.88319 2.88319 1 1 0
0.759777 2.87367 2.87367 1 1 0
0.75673 2.86414 2.86414 1 1 0
0.753683 2.85462 2.85462 1 1 0
0.750636 2.84509 2.84509 1 1 0
0.74759 2.83557 2.83557 1 1 0
0.744543 2.82604 2.82604 1 1 0
0.741496 2.81652 2.81652 1 1 0
0.738449 2.80699 2.80699 1 1 0
0.735403 2.79747 2.79747 1 1 0
0.732356 2.78794 2.78794 1 1 0
0.729309 2.77842 2.77842 1 1 0
0.726262 2.7689 2.7689 1 1 0
0.723215 2.75937 2.75937 1 1 0
0.720169 2.74985 2.74985 1 1 0
0.717122 2.74032 2.74032 1 1 0
0.714075 2.7308 2.7308 1 1 0
0.711028 2.72127 2.72127 1 1 0
0.707981 2.71175 2.71175 1 1 0
0.704935 2.70222 2.70222 1 1 0
0.701888 2.6927 2.6927 1 1 0
0.698841 2.68317 2.68317 1 1 0
0.695794 2.67365 2.67365 1 1 0
0.692747 2.66413 2.66413 1 1 0
0.6897 2.6546 2.6546 1 1 0
0.686654 2.64508 2.64508 1 1 0
0.683607 2.63555 2.63555 1 1 0
0.68056 2.62603 2.62603 1 1 0
0.677513 2.6165 2.6165 1 1 0
0.674466 2.60698 2.60698 1 1 0
0.67142 2.59745 2.59745 1 1 0
0.668373 2.58793 2.58793 1 1 0
0.665326 2.5784 2.5784 1 1 0
0.662279 2.56888 2.56888 1 1 0
0.659232 2.55936 2.55936 1 1 0
0.656185 2.54983 2.54983 1 1 0
0.653139 2.54031 2.54031 1 1 0
0.650092 2.53078 2.53078 1 1 0
0.647045 2.52126 2.52126 1 1 0
0.643998 2.51173 2.51173 1 1 0
0.640951 2.50221 2.50221 1 1 0
0.637904 2.49268 2.49268 1 1 0
0.634858 2.48316 2.48316 1 1 0
0.631811 2.47363 2.47363 1 1 0
0.628764 2.46411 2.46411 1 1 0
0.625717 2.45459 2.45459 1 1 0
0.62267 2.44506 2.44506 1 1 0
0.619623 2.43554 2.43554 1 1 0
0.616576 2.42601 2.42601 1 1 0
0.61353 2.41649 2.41649 1 1 0
0.610483 2.40696 2.40696 1 1 0
0.607436 2.39744 2.39744 1 1 0
0.604389 2.38791 2.38791 1 1 0
0.601342 2.37839 2.37839 1 1 0
0.598295 2.36886 2.36886 1 1 0
0.595248 2.35934 2.35934 1 1 0
0.592201 2.34982 2.34982 1 1 0
0.589155 2.34029 2.34029 1 1 0
0.586108 2.33077 2.33077 1 1 0
0.583061 2.32124 2.32124 1 1 0
0.580014 2.31172 2.31172 1 1 0
0.576967 2.30219 2.30219 1 1 0
0.57392 2.29267 2.29267 1 1 0
0.570873 2.28314 2.28314 1 1 0
0.567826 2.27362 2.27362 1 1 0
0.564779 2.2641 2.2641 1 1 0
0.561732 2.25457 2.25457 1 1 0
0.558685 2.24505 2.24505 1 1 0
0.555638 2.23552 2.23552 1 1 0
0.552591 2.226 2.226 1 1 0
0.549544 2.21647 2.21647 1 1 0
0.546497 2.20695 2.20695 1 1 0
0.54345 2.19742 2.19742 1 1 0
0.540404 2.1879 2.1879 1 1 0
0.537357 2.17837 2.17837 1 1 0
0.53431 2.16885 2.16885 1 1 0
0.531263 2.15933 2.15933 1 1 0
0.528215 2.1498 2.1498 1 1 0
0.525168 2.14028 2.14028 1 1 0
0.522121 2.13075 2.13075 1 1 0
0.519074 2.12123 2.12123 1 1 0
0.516027 2.1117 2.1117 1 1 0
0.51298 2.10218 2.10218 1 1 0
0.509933 2.09265 2.09265 1 1 0
0.506886 2.08313 2.08313 1 1 0
0.503839 2.07361 2.07361 1 1 0
0.500792 2.06408 2.06408 1 1 0
0.497745 2.05456 2.05456 1 1 0
0.494698 2.04503 2.04503 1 1 0
0.49165 2.03551 2.03551 1 1 0
0.488603 2.02598 2.02598 1 1 0
0.485556 2.01646 2.01646 1 1 0
0.482509 2.00693 2.00693 1 1 0
0.479462 1.99741 1.99741 1 1 0
0.476415 1.98789 1.98789 1 1 0
0.473367 1.97836 1.97836 1 1 0
0.47032 1.96884 1.96884 1 1 0
0.467273 1.95931 1.95931 1 1 0
0.464225 1.94979 1.94979 1 1 0
0.461178 1.94026 1.94026 1 1 0
0.458131 1.93074 1.93074 1 1 0
0.455083 1.92122 1.92122 1 1 0
0.452036 1.91169 1.91169 1 1 0
0.448989 1.90217 1.90217 1 1 0
0.445941 1.89264 1.89264 1 1 0
0.442894 1.88312 1.88312 1 1 0
0.439846 1.87359 1.87359 1 1 0
0.436799 1.86407 1.86407 1 1 0
0.433751 1.85454 1.85454 1 1 0
0.430704 1.84502 1.84502 1 1 0
0.427656 1.8355 1.8355 1 1 0
0.424608 1.82597 1.82597 1 1 0
0.421561 1.81645 1.81645 1 1 0
0.418513 1.80692 1.80692 1 1 0
0.415465 1.7974 1.7974 1 1 0
0.412417 1.78787 1.78787 1 1 0
0.40937 1.77835 1.77835 1 1 0
0.406322 1.76883 1.76883 1 1 0
0.403274 1.7593 1.7593 1 1 0
0.400226 1.74978 1.74978 1 1 0
0.397178 1.74025 1.74025 1 1 0
0.39413 1.73073 1.73073 1 1 0
0.391081 1.72121 1.72121 1 1 0
0.388033 1.71168 1.71168 1 1 0
0.384985 1.70216 1.70216 1 1 0
0.381937 1.69263 1.69263 1 1 0
0.378888 1.68311 1.68311 1 1 0
0.37584 1.67359 1.67359 1 1 0
0.372791 1.66406 1.66406 1 1 0
0.369743 1.65454 1.65454 1 1 0
0.366694 1.64501 1.64501 1 1 0
0.363645 1.63549 1.63549 1 1 0
0.360596 1.62597 1.62597 1 1 0
0.357547 1.61644 1.61644 1 1 0
0.354498 1.60692 1.60692 1 1 0
0.351449 1.59739 1.59739 1 1 0
0.3484 1.58787 1.58787 1 1 0
0.34535 1.57835 1.57835 1 1 0
0.342301 1.56882 1.56882 1 1 0
0.339251 1.5593 1.5593 1 1 0
0.336202 1.54978 1.54978 1 1 0
0.333152 1.54025 1.54025 1 1 0
0.330102 1.53073 1.53073 1 1 0
0.327051 1.52121 1.52121 1 1 0
0.324001 1.51168 1.51168 1 1 0
0.32095 1.50216 1.50216 1 1 0
0.3179 1.49264 1.49264 1 1 0
0.314849 1.48311 1.48311 1 1 0
0.311798 1.47359 1.47359 1 1 0
0.308746 1.46407 1.46407 1 1 0
0.305695 1.45454 1.45454 1 1 0
0.302643 1.44502 1.44502 1 1 0
0.299591 1.4355 1.4355 1 1 0
0.296539 1.42597 1.42597 1 1 0
0.293486 1.41645 1.41645 1 1 0
0.290433 1.40693 1.40693 1 1 0
0.28738 1.39741 1.39741 1 1 0
0.284326 1.38788 1.38788 1 1 0
0.281273 1.37836 1.37836 1 1 0
0.278218 1.36884 1.36884 1 1 0
0.275164 1.35932 1.35932 1 1 0
0.272109 1.3498 1.3498 1 1 0
0.269053 1.34027 1.34027 1 1 0
0.265997 1.33075 1.33075 1 1 0
0.262941 1.32123 1.32123 1 1 0
0.259884 1.31171 1.31171 1 1 0
0.256826 1.30219 1.30219 1 1 0
0.253768 1.29267 1.29267 1 1 0
0.25071 1.28315 1.28315 1 1 0
0.24765 1.27363 1.27363 1 1 0
0.24459 1.26411 1.26411 1 1 0
0.241529 1.25459 1.25459 1 1 0
0.238468 1.24507 1.24507 1 1 0
0.235406 1.23555 1.23555 1 1 0
0.232342 1.22603 1.22603 1 1 0
0.229278 1.21651 1.21651 1 1 0
0.226213 1.20699 1.20699 1 1 0
0.223147 1.19747 1.19747 1 1 0
0.220079 1.18795 1.18795 1 1 0
0.217011 1.17844 1.17844 1 1 0
0.213941 1.16892 1.16892 1 1 0
0.21087 1.1594 1.1594 1 1 0
0.207797 1.14989 1.14989 1 1 0
0.204723 1.14037 1.14037 1 1 0
0.201647 1.13085 1.13085 1 1 0
0.19857 1.12134 1.12134 1 1 0
0.19549 1.11183 1.11183 1 1 0
0.192409 1.10231 1.10231 1 1 0
0.189325 1.0928 1.0928 1 1 0
0.186239 1.08329 1.08329 1 1 0
0.183151 1.07378 1.07378 1 1 0
0.18006 1.06427 1.06427 1 1 0
0.176967 1.05476 1.05476 1 1 0
0.17387 1.04525 1.04525 1 1 0
0.170771 1.03574 1.03574 1 1 0
0.167668 1.02623 1.02623 1 1 0
0.164561 1.01673 1.01673 1 1 0
0.161451 1.00723 1.00723 1 1 0
0.158337 0.997723 0.997723 1 1 0
0.155218 0.988222 0.988222 1 1 0
0.152095 0.978723 0.978723 1 1 0
0.148966 0.969225 0.969225 1 1 0
0.145833 0.959729 0.959729 1 1 0
0.142693 0.950235 0.950235 1 1 0
0.139548 0.940743 0.940743 1 1 0
0.136396 0.931254 0.931254 1 1 0
0.133238 0.921766 0.921766 1 1 0
0.130072 0.912281 0.912281 1 1 0
0.126898 0.902799 0.902799 1 1 0
0.123716 0.89332 0.89332 1 1 0
0.120526 0.883845 0.883845 1 1 0
0.117326 0.874372 0.874372 1 1 0
0.114116 0.864904 0.864904 1 1 0
0.110896 0.855439 0.855439 1 1 0
0.107664 0.845979 0.845979 1 1 0
0.104422 0.836524 0.836524 1 1 0
0.101167 0.827073 0.827073 1 1 0
0.0978992 0.817628 0.817628 1 1 0
0.0946185 0.80819 0.80819 1 1 0
0.0913241 0.798757 0.798757 1 1 0
0.0880157 0.789332 0.789332 1 1 0
0.0846929 0.779914 0.779914 1 1 0
0.0813558 0.770505 0.770505 1 1 0
0.0780042 0.761106 0.761106 1 1 0
0.0746386 0.751716 0.751716 1 1 0
0.0712595 0.742338 0.742338 1 1 0
0.0678679 0.732973 0.732973 1 1 0
0.0644653 0.723623 0.723623 1 1 0
0.0610538 0.714289 0.714289 1 1 0
0.0576364 0.704974 0.704974 1 1 0
0.0542166 0.695681 0.695681 1 1 0
0.0507996 0.686413 0.686413 1 1 0
0.0473919 0.677178 0.677178 1 1 0
0.0440011 0.667979 0.667979 1 1 0
0.0406368 0.658824 0.658824 1 1 0
0.0373104 0.649723 0.649723 1 1 0
0.034036 0.640686 0.640686 1 1 0
0.0308296 0.631729 0.631729 1 1 0
0.0277096 0.622868 0.622868 1 1 0
0.0246961 0.614124 0.614124 1 1 0
0.0218108 0.605521 0.605521 1 1 0
0.0190752 0.597084 0.597084 1 1 0
0.0165102 0.588842 0.588842 1 1 0
0.0141336 0.580822 0.580822 1 1 0
0.0119597 0.57305 0.57305 1 1 0
0.00999703 0.565547 0.565547 1 1 0
0.00824848 0.558331 0.558331 1 1 0
0.00671096 0.551411 0.551411 1 1 0
0.0053761 0.544792 0.544792 1 1 0
0.00423137 0.53847 0.53847 1 1 0
0.00326132 0.532439 0.532439 1 1 0
0.00244884 0.526685 0.526685 1 1 0
0.00177626 0.521196 0.521196 1 1 0
0.00122617 0.515954 0.515954 1 1 0
0.00078205 0.510944 0.510944 1 1 0
0.000428581 0.506148 0.506148 1 1 0
0.000151898 0.50155 0.50155 1 1 0
-6.03709e-05 0.497135 0.497135 1 1 0
-0.000219111 0.492888 0.492888 1 1 0
-0.000333775 0.488794 0.488794 1 1 0
-0.000412608 0.484842 0.484842 1 1 0
-0.000462549 0.48102 0.48102 1 1 0
-0.000489541 0.477317 0.477317 1 1 0
-0.000498587 0.473724 0.473724 1 1 0
-0.000498682 0.473323 0.473323 2 1 0
-0.000492636 0.469841 0.469841 2 1 0
-0.000476653 0.466449 0.466449 2 1 0
-0.00045353 0.463141 0.463141 2 1 0
-0.000425539 0.459909 0.459909 2 1 0
-0.000394508 0.456747 0.456747 2 1 0
-0.000361896 0.453649 0.453649 2 1 0
-0.000328841 0.45061 0.45061 2 1 0
-0.000296219 0.447623 0.447623 2 1 0
-0.000264684 0.444685 0.444685 2 1 0
-0.000234708 0.44179 0.44179 2 1 0
-0.000206614 0.438935 0.438935 2 1 0
-0.000180605 0.436115 0.436115 2 1 0
-0.000156787 0.433326 0.433326 2 1 0
-0.00013519 0.430565 0.430565 2 1 0
-0.000115784 0.427828 0.427828 2 1 0
-9.84975e-05 0.425111 0.425111 2 1 0
-8.3224e-05 0.422412 0.422412 2 1 0
-6.9836e-05 0.419726 0.419726 2 1 0
-5.81914e-05 0.417051 0.417051 2 1 0
-4.81408e-05 0.414383 0.414383 2 1 0
-3.95322e-05 0.411719 0.411719 2 1 0
-3.22153e-05 0.409056 0.409056 2 1 0
-2.60448e-05 0.406391 0.406391 2 1 0
-2.08825e-05 0.40372 0.40372 2 1 0
-1.65991e-05 0.40104 0.40104 2 1 0
-1.30748e-05 0.398346 0.398346 2 1 0
-1.02007e-05 0.395637 0.395637 2 1 0
-7.87827e-06 0.392907 0.392907 2 1 0
-6.01972e-06 0.390153 0.390153 2 1 0
-4.54746e-06 0.38737 0.38737 2 1 0
-3.39374e-06 0.384554 0.384554 2 1 0
-2.49995e-06 0.381699 0.381699 2 1 0
-1.81597e-06 0.378802 0.378802 2 1 0
-1.29938e-06 0.375854 0.375854 2 1 0
-9.14699e-07 0.372852 0.372852 2 1 0
-6.32601e-07 0.369786 0.369786 2 1 0
-4.29138e-07 0.36665 0.36665 2 1 0
-2.85028e-07 0.363435 0.363435 2 1 0
-1.84967e-07 0.360131 0.360131 2 1 0
-1.16994e-07 0.356727 0.356727 2 1 0
-7.1926e-08 0.353211 0.353211 2 1 0
-4.28387e-08 0.349569 0.349569 2 1 0
-2.46259e-08 0.345784 0.345784 2 1 0
-1.3601e-08 0.341838 0.341838 2 1 0
-7.17906e-09 0.337709 0.337709 2 1 0
-3.59867e-09 0.333372 0.333372 2 1 0
-1.70031e-09 0.328798 0.328798 2 1 0
-7.5047e-10 0.323953 0.323953 2 1 0
-3.06149e-10 0.3188 0.3188 2 1 0
-1.1399e-10 0.313294 0.313294 2 1 0
-3.81777e-11 0.30739 0.30739 2 1 0
-1.13145e-11 0.301038 0.301038 2 1 0
-2.91573e-12 0.294194 0.294194 2 1 0
-6.42278e-13 0.286826 0.286826 2 1 0
-1.19219e-13 0.278923 0.278923 2 1 0
-1.84837e-14 0.270508 0.270508 2 1 0
-2.38978e-15 0.261637 0.261637 2 1 0
-2.58985e-16 0.252395 0.252395 2 1 0
-2.37343e-17 0.242875 0.242875 2 1 0
-1.85539e-18 0.233164 0.233164 2 1 0
-1.24408e-19 0.223329 0.223329 2 1 0
-7.16008e-21 0.21342 0.21342 2 1 0
-3.57342e-22 0.203468 0.203468 1 1 0
-1.32349e-23 0.193493 0.193493 1 1 0
0 0.183505 0.183505 1 1 0
0 0.17351 0.17351 1 1 0
0 0.163512 0.163512 1 1 0
0 0.153513 0.153513 1 1 0
0 0.143513 0.143513 1 1 0
0 0.133513 0.133513 1 1 0
0 0.123513 0.123513 1 1 0
0 0.113513 0.113513 1 1 0
0 0.103513 0.103513 1 1 0
0 0.0935134 0.0935134 1 1 0
0 0.0835134 0.0835134 1 1 0
0 0.0735134 0.0735134 1 1 0
0 0.0635134 0.0635134 1 1 0
0 0.0535134 0.0535134 1 1 0
0 0.0435134 0.0435134 1 1 0
0 0.0335134 0.0335134 1 1 0
0 0.0235134 0.0235134 1 1 0
0 0.0135134 0.0135134 1 1 0
0 0.00351336 0.00351336 1 1 0
0 0.00325716 0.00325716 1 1 0
0 -0.00674284 -0.00674284 1 1 0
0 -0.0167428 -0.0167428 1 1 0
0 -0.0267428 -0.0267428 1 1 0
0 -0.0367428 -0.0367428 1 1 0
0 -0.0467428 -0.0467428 1 1 0
0 -0.0567428 -0.0567428 1 1 0
0 -0.0667428 -0.0667428 1 1 0
0 -0.0767428 -0.0767428 1 1 0
0 -0.0867428 -0.0867428 1 1 0
0 -0.0967428 -0.0967428 1 1 0
0 -0.106743 -0.106743 1 1 0
0 -0.116743 -0.116743 1 1 0
0 -0.126743 -0.126743 1 1 0
0 -0.136743 -0.136743 1 1 0
0 -0.146743 -0.146743 1 1 0
0 -0.156742 -0.156742 1 1 0
0 -0.166741 -0.166741 1 1 0
0 -0.176738 -0.176738 1 1 0
0 -0.186731 -0.186731 1 1 0
-9.26442e-23 -0.196716 -0.196716 1 1 0
-2.28964e-21 -0.206685 -0.206685 1 1 0
-4.64545e-20 -0.216626 -0.216626 1 1 0
-8.06918e-19 -0.226515 -0.226515 1 1 0
-1.20452e-17 -0.236316 -0.236316 1 1 0
-1.54092e-16 -0.245974 -0.245974 1 1 0
-1.67738e-15 -0.255414 -0.255414 1 1 0
-1.53883e-14 -0.264547 -0.264547 1 1 0
-1.17958e-13 -0.273278 -0.273278 1 1 0
-7.52732e-13 -0.281533 -0.281533 1 1 0
-4.01322e-12 -0.289263 -0.289263 1 1 0
-1.80678e-11 -0.29646 -0.29646 1 1 0
-6.97575e-11 -0.303141 -0.303141 1 1 0
-2.35047e-10 -0.309343 -0.309343 1 1 0
-7.0334e-10 -0.315113 -0.315113 1 1 0
-1.89927e-09 -0.3205 -0.3205 1 1 0
-4.69412e-09 -0.325549 -0.325549 1 1 0
-1.0748e-08 -0.330303 -0.330303 1 1 0
-2.30338e-08 -0.334797 -0.334797 1 1 0
-4.66025e-08 -0.339063 -0.339063 1 1 0
-8.96616e-08 -0.343131 -0.343131 1 1 0
-1.65046e-07 -0.347023 -0.347023 1 1 0
-2.92172e-07 -0.350759 -0.350759 1 1 0
-4.99578e-07 -0.354359 -0.354359 1 1 0
-8.28189e-07 -0.357838 -0.357838 1 1 0
-1.3353e-06 -0.361208 -0.361208 1 1 0
-2.09965e-06 -0.364482 -0.364482 1 1 0
-3.22746e-06 -0.367671 -0.367671 1 1 0
-4.85983e-06 -0.370783 -0.370783 1 1 0
-7.18145e-06 -0.373828 -0.373828 1 1 0
-1.0431e-05 -0.376812 -0.376812 1 1 0
-1.4913e-05 -0.379742 -0.379742 1 1 0
-2.10124e-05 -0.382625 -0.382625 1 1 0
-2.92102e-05 -0.385467 -0.385467 1 1 0
-4.01023e-05 -0.388272 -0.388272 1 1 0
-5.44208e-05 -0.391045 -0.391045 1 1 0
-7.30577e-05 -0.393791 -0.393791 1 1 0
-9.70923e-05 -0.396514 -0.396514 1 1 0
-0.000127821 -0.399218 -0.399218 1 1 0
-0.000166792 -0.401906 -0.401906 1 1 0
-0.000215841 -0.404583 -0.404583 1 1 0
-0.000277137 -0.407252 -0.407252 1 1 0
-0.000353222 -0.409916 -0.409916 1 1 0
-0.000447065 -0.412579 -0.412579 1 1 0
-0.000562119 -0.415243 -0.415243 1 1 0
-0.000702374 -0.417913 -0.417913 1 1 0
-0.000872427 -0.420591 -0.420591 1 1 0
-0.00107755 -0.42328 -0.42328 1 1 0
-0.00132376 -0.425984 -0.425984 1 1 0
-0.00161789 -0.428705 -0.428705 1 1 0
-0.00196769 -0.431448 -0.431448 1 1 0
-0.0023819 -0.434215 -0.434215 1 1 0
-0.00287031 -0.437011 -0.437011 1 1 0
-0.00344387 -0.439837 -0.439837 1 1 0
-0.00411473 -0.442698 -0.442698 1 1 0
-0.00489628 -0.445597 -0.445597 1 1 0
-0.00580331 -0.448537 -0.448537 1 1 0
-0.00685188 -0.451523 -0.451523 1 1 0
-0.00805936 -0.454557 -0.454557 1 1 0
-0.00944431 -0.457643 -0.457643 1 1 0
-0.0110263 -0.460784 -0.460784 1 1 0
-0.0128259 -0.463982 -0.463982 1 1 0
-0.0148637 -0.46724 -0.46724 1 1 0
-0.0171607 -0.470559 -0.470559 1 1 0
-0.0197369 -0.473942 -0.473942 1 1 0
-0.0226113 -0.477388 -0.477388 1 1 0
-0.0258004 -0.480896 -0.480896 1 1 0
-0.029318 -0.484466 -0.484466 1 1 0
-0.0331742 -0.488095 -0.488095 1 1 0
-0.0373746 -0.49178 -0.49178 1 1 0
-0.0419202 -0.495518 -0.495518 1 1 0
-0.0468071 -0.499305 -0.499305 1 1 0
-0.0520267 -0.503136 -0.503136 1 1 0
-0.0575662 -0.507008 -0.507008 1 1 0
-0.0634094 -0.510917 -0.510917 1 1 0
-0.0695373 -0.514861 -0.514861 1 1 0
-0.0759291 -0.518837 -0.518837 1 1 0
-0.0825631 -0.522844 -0.522844 1 1 0
-0.0894172 -0.526883 -0.526883 1 1 0
-0.0964697 -0.530953 -0.530953 1 1 0
-0.103699 -0.535058 -0.535058 1 1 0
-0.111086 -0.539198 -0.539198 1 1 0
-0.118612 -0.543378 -0.543378 1 1 0
-0.126258 -0.547602 -0.547602 1 1 0
-0.134007 -0.551873 -0.551873 1 1 0
-0.141846 -0.556197 -0.556197 1 1 0
-0.149759 -0.56058 -0.56058 1 1 0
-0.157732 -0.565027 -0.565027 1 1 0
-0.165754 -0.569545 -0.569545 1 1 0
-0.173813 -0.574141 -0.574141 1 1 0
-0.181896 -0.578821 -0.578821 1 1 0
-0.189993 -0.583592 -0.583592 1 1 0
-0.198093 -0.588462 -0.588462 1 1 0
-0.206184 -0.593438 -0.593438 1 1 0
-0.214258 -0.598527 -0.598527 1 1 0
-0.222302 -0.603738 -0.603738 1 1 0
-0.230307 -0.609077 -0.609077 1 1 0
-0.238262 -0.614552 -0.614552 1 1 0
-0.246156 -0.620171 -0.620171 1 1 0
-0.253978 -0.62594 -0.62594 1 1 0
-0.261718 -0.631865 -0.631865 1 1 0
-0.269364 -0.637953 -0.637953 1 1 0
-0.276905 -0.644207 -0.644207 1 1 0
-0.284331 -0.650632 -0.650632 1 1 0
-0.291631 -0.65723 -0.65723 1 1 0
-0.298793 -0.664001 -0.664001 1 1 0
-0.30581 -0.670946 -0.670946 1 1 0
-0.312674 -0.678065 -0.678065 1 1 0
-0.319378 -0.685353 -0.685353 1 1 0
-0.325916 -0.692808 -0.692808 1 1 0
-0.332285 -0.700424 -0.700424 1 1 0
-0.33848 -0.708194 -0.708194 1 1 0
-0.344502 -0.71611 -0.71611 1 1 0
-0.350351 -0.724165 -0.724165 1 1 0
-0.356029 -0.73235 -0.73235 1 1 0
-0.36154 -0.740656 -0.740656 1 1 0
-0.366887 -0.749073 -0.749073 1 1 0
-0.372078 -0.757594 -0.757594 1 1 0
-0.377117 -0.766209 -0.766209 1 1 0
-0.382013 -0.77491 -0.77491 1 1 0
-0.386774 -0.78369 -0.78369 1 1 0
-0.391407 -0.792541 -0.792541 1 1 0
-0.395918 -0.801457 -0.801457 1 1 0
-0.400317 -0.810429 -0.810429 1 1 0
-0.404611 -0.819454 -0.819454 1 1 0
-0.408808 -0.828526 -0.828526 1 1 0
-0.412914 -0.83764 -0.83764 1 1 0
-0.416936 -0.846792 -0.846792 1 1 0
-0.420881 -0.855978 -0.855978 1 1 0
-0.424754 -0.865195 -0.865195 1 1 0
-0.428562 -0.87444 -0.87444 1 1 0
-0.43231 -0.883709 -0.883709 1 1 0
-0.436002 -0.893002 -0.893002 1 1 0
-0.439643 -0.902314 -0.902314 1 1 0
-0.443237 -0.911645 -0.911645 1 1 0
-0.446789 -0.920992 -0.920992 1 1 0
-0.450301 -0.930354 -0.930354 1 1 0
-0.453777 -0.93973 -0.93973 1 1 0
-0.45722 -0.949119 -0.949119 1 1 0
-0.460632 -0.958518 -0.958518 1 1 0
-0.464016 -0.967928 -0.967928 1 1 0
-0.467375 -0.977346 -0.977346 1 1 0
-0.47071 -0.986774 -0.986774 1 1 0
-0.474024 -0.996208 -0.996208 1 1 0
-0.477317 -1.00565 -1.00565 1 1 0
-0.480593 -1.0151 -1.0151 1 1 0
-0.483851 -1.02455 -1.02455 1 1 0
-0.487095 -1.03401 -1.03401 1 1 0
-0.490324 -1.04348 -1.04348 1 1 0
-0.49354 -1.05294 -1.05294 1 1 0
-0.496743 -1.06242 -1.06242 1 1 0
-0.499936 -1.07189 -1.07189 1 1 0
-0.503118 -1.08137 -1.08137 1 1 0
-0.506291 -1.09086 -1.09086 1 1 0
-0.509456 -1.10034 -1.10034 1 1 0
-0.512612 -1.10983 -1.10983 1 1 0
-0.515761 -1.11932 -1.11932 1 1 0
-0.518902 -1.12882 -1.12882 1 1 0
-0.522038 -1.13831 -1.13831 1 1 0
-0.525167 -1.14781 -1.14781 1 1 0
-0.528291 -1.15731 -1.15731 1 1 0
-0.53141 -1.16681 -1.16681 1 1 0
-0.534525 -1.17631 -1.17631 1 1 0
-0.537634 -1.18582 -1.18582 1 1 0
-0.54074 -1.19532 -1.19532 1 1 0
-0.543842 -1.20483 -1.20483 1 1 0
-0.546941 -1.21434 -1.21434 1 1 0
-0.550036 -1.22385 -1.22385 1 1 0
-0.553129 -1.23336 -1.23336 1 1 0
-0.556218 -1.24287 -1.24287 1 1 0
-0.559305 -1.25238 -1.25238 1 1 0
-0.562389 -1.26189 -1.26189 1 1 0
-0.565471 -1.27141 -1.27141 1 1 0
-0.568551 -1.28092 -1.28092 1 1 0
-0.571629 -1.29043 -1.29043 1 1 0
-0.574706 -1.29995 -1.29995 1 1 0
-0.57778 -1.30946 -1.30946 1 1 0
-0.580853 -1.31898 -1.31898 1 1 0
-0.583924 -1.3285 -1.3285 1 1 0
-0.586994 -1.33801 -1.33801 1 1 0
-0.590063 -1.34753 -1.34753 1 1 0
-0.59313 -1.35705 -1.35705 1 1 0
-0.596196 -1.36657 -1.36657 1 1 0
-0.599261 -1.37609 -1.37609 1 1 0
-0.602325 -1.38561 -1.38561 1 1 0
-0.605388 -1.39513 -1.39513 1 1 0
-0.608451 -1.40464 -1.40464 1 1 0
-0.611512 -1.41416 -1.41416 1 1 0
-0.614573 -1.42368 -1.42368 1 1 0
-0.617632 -1.43321 -1.43321 1 1 0
-0.620692 -1.44273 -1.44273 1 1 0
-0.62375 -1.45225 -1.45225 1 1 0
-0.626808 -1.46177 -1.46177 1 1 0
-0.629865 -1.47129 -1.47129 1 1 0
-0.632922 -1.48081 -1.48081 1 1 0
-0.635978 -1.49033 -1.49033 1 1 0
-0.639034 -1.49985 -1.49985 1 1 0
-0.642089 -1.50938 -1.50938 1 1 0
-0.645144 -1.5189 -1.5189 1 1 0
-0.648198 -1.52842 -1.52842 1 1 0
-0.651252 -1.53794 -1.53794 1 1 0
-0.654306 -1.54746 -1.54746 1 1 0
-0.657359 -1.55699 -1.55699 1 1 0
-0.660412 -1.56651 -1.56651 1 1 0
-0.663465 -1.57603 -1.57603 1 1 0
-0.666518 -1.58555 -1.58555 1 1 0
-0.66957 -1.59508 -1.59508 1 1 0
-0.672622 -1.6046 -1.6046 1 1 0
-0.675673 -1.61412 -1.61412 1 1 0
-0.678725 -1.62365 -1.62365 1 1 0
-0.681776 -1.63317 -1.63317 1 1 0
-0.684827 -1.64269 -1.64269 1 1 0
-0.687878 -1.65222 -1.65222 1 1 0
-0.690928 -1.66174 -1.66174 1 1 0
-0.693979 -1.67126 -1.67126 1 1 0
-0.697029 -1.68079 -1.68079 1 1 0
-0.700079 -1.69031 -1.69031 1 1 0
-0.703129 -1.69983 -1.69983 1 1 0
-0.706179 -1.70936 -1.70936 1 1 0
-0.709228 -1.71888 -1.71888 1 1 0
-0.712278 -1.7284 -1.7284 1 1 0
-0.715327 -1.73793 -1.73793 1 1 0
-0.718377 -1.74745 -1.74745 1 1 0
-0.721426 -1.75698 -1.75698 1 1 0
-0.724475 -1.7665 -1.7665 1 1 0
-0.727524 -1.77602 -1.77602 1 1 0
-0.730573 -1.78555 -1.78555 1 1 0
-0.733621 -1.79507 -1.79507 1 1 0
-0.73667 -1.80459 -1.80459 1 1 0
-0.739719 -1.81412 -1.81412 1 1 0
-0.742767 -1.82364 -1.82364 1 1 0
-0.745816 -1.83317 -1.83317 1 1 0
-0.748864 -1.84269 -1.84269 1 1 0
-0.751912 -1.85221 -1.85221 1 1 0
-0.754961 -1.86174 -1.86174 1 1 0
-0.758009 -1.87126 -1.87126 1 1 0
-0.761057 -1.88079 -1.88079 1 1 0
-0.764105 -1.89031 -1.89031 1 1 0
-0.767153 -1.89984 -1.89984 1 1 0
-0.770201 -1.90936 -1.90936 1 1 0
-0.773249 -1.91888 -1.91888 1 1 0
-0.776297 -1.92841 -1.92841 1 1 0
-0.779345 -1.93793 -1.93793 1 1 0
-0.782393 -1.94746 -1.94746 1 1 0
-0.78544 -1.95698 -1.95698 1 1 0
-0.788488 -1.9665 -1.9665 1 1 0
-0.791536 -1.97603 -1.97603 1 1 0
-0.794583 -1.98555 -1.98555 1 1 0
-0.797631 -1.99508 -1.99508 1 1 0
-0.800679 -2.0046 -2.0046 1 1 0
-0.803726 -2.01413 -2.01413 1 1 0
-0.806774 -2.02365 -2.02365 1 1 0
-0.809821 -2.03317 -2.03317 1 1 0
-0.812869 -2.0427 -2.0427 1 1 0
-0.815916 -2.05222 -2.05222 1 1 0
-0.818963 -2.06175 -2.06175 1 1 0
-0.822011 -2.07127 -2.07127 1 1 0
-0.825058 -2.0808 -2.0808 1 1 0
-0.828105 -2.09032 -2.09032 1 1 0
-0.831153 -2.09985 -2.09985 1 1 0
-0.8342 -2.10937 -2.10937 1 1 0
-0.837247 -2.11889 -2.11889 1 1 0
-0.840295 -2.12842 -2.12842 1 1 0
-0.843342 -2.13794 -2.13794 1 1 0
-0.846389 -2.14747 -2.14747 1 1 0
-0.849436 -2.15699 -2.15699 1 1 0
-0.852483 -2.16652 -2.16652 1 1 0
-0.855531 -2.17604 -2.17604 1 1 0
-0.858578 -2.18556 -2.18556 1 1 0
-0.861625 -2.19509 -2.19509 1 1 0
-0.864672 -2.20461 -2.20461 1 1 0
-0.867719 -2.21414 -2.21414 1 1 0
-0.870766 -2.22366 -2.22366 1 1 0
-0.873813 -2.23319 -2.23319 1 1 0
-0.87686 -2.24271 -2.24271 1 1 0
-0.879908 -2.25224 -2.25224 1 1 0
-0.882955 -2.26176 -2.26176 1 1 0
-0.886002 -2.27129 -2.27129 1 1 0
-0.889049 -2.28081 -2.28081 1 1 0
-0.892096 -2.29033 -2.29033 1 1 0
-0.895143 -2.29986 -2.29986 1 1 0
-0.89819 -2.30938 -2.30938 1 1 0
-0.901237 -2.31891 -2.31891 1 1 0
-0.904284 -2.32843 -2.32843 1 1 0
-0.907331 -2.33796 -2.33796 1 1 0
-0.910378 -2.34748 -2.34748 1 1 0
-0.913425 -2.35701 -2.35701 1 1 0
-0.916472 -2.36653 -2.36653 1 1 0
-0.919519 -2.37605 -2.37605 1 1 0
-0.922566 -2.38558 -2.38558 1 1 0
-0.925613 -2.3951 -2.3951 1 1 0
-0.92866 -2.40463 -2.40463 1 1 0
-0.931706 -2.41415 -2.41415 1 1 0
-0.934753 -2.42368 -2.42368 1 1 0
-0.9378 -2.4332 -2.4332 1 1 0
-0.940847 -2.44273 -2.44273 1 1 0
-0.943894 -2.45225 -2.45225 1 1 0
-0.946941 -2.46177 -2.46177 1 1 0
-0.949988 -2.4713 -2.4713 1 1 0
-0.953035 -2.48082 -2.48082 1 1 0
-0.956082 -2.49035 -2.49035 1 1 0
-0.959129 -2.49987 -2.49987 1 1 0
-0.962176 -2.5094 -2.5094 1 1 0
-0.965222 -2.51892 -2.51892 1 1 0
-0.968269 -2.52845 -2.52845 1 1 0
-0.971316 -2.53797 -2.53797 1 1 0
-0.974363 -2.5475 -2.5475 1 1 0
-0.97741 -2.55702 -2.55702 1 1 0
-0.980457 -2.56654 -2.56654 1 1 0
-0.983504 -2.57607 -2.57607 1 1 0
-0.986551 -2.58559 -2.58559 1 1 0
-0.989597 -2.59512 -2.59512 1 1 0
-0.992644 -2.60464 -2.60464 1 1 0
-0.995691 -2.61417 -2.61417 1 1 0
-0.998738 -2.62369 -2.62369 1 1 0
-1.00178 -2.63322 -2.63322 1 1 0
