1.5 0.744956 0.744956 2 1 0
1.49803 0.744602 0.744602 1 1 0
1.49606 0.744249 0.744249 1 1 0
1.49409 0.743895 0.743895 1 1 0
1.49213 0.743541 0.743541 1 1 0
1.49016 0.743187 0.743187 1 1 0
1.48819 0.742833 0.742833 1 1 0
1.48622 0.742479 0.742479 1 1 0
1.48425 0.742124 0.742124 1 1 0
1.48228 0.741769 0.741769 1 1 0
1.48032 0.741415 0.741415 1 1 0
1.47835 0.74106 0.74106 1 1 0
1.47638 0.740705 0.740705 1 1 0
1.47441 0.74035 0.74035 1 1 0
1.47244 0.739994 0.739994 1 1 0
1.47047 0.739639 0.739639 1 1 0
1.46851 0.739283 0.739283 1 1 0
1.46654 0.738928 0.738928 1 1 0
1.46457 0.738572 0.738572 1 1 0
1.4626 0.738216 0.738216 1 1 0
1.46063 0.73786 0.73786 1 1 0
1.45867 0.737503 0.737503 1 1 0
1.4567 0.737147 0.737147 1 1 0
1.45473 0.73679 0.73679 1 1 0
1.45276 0.736434 0.736434 1 1 0
1.45079 0.736077 0.736077 1 1 0
1.44883 0.73572 0.73572 1 1 0
1.44686 0.735363 0.735363 1 1 0
1.44489 0.735005 0.735005 1 1 0
1.44292 0.734648 0.734648 1 1 0
1.44096 0.73429 0.73429 1 1 0
1.43899 0.733932 0.733932 1 1 0
1.43702 0.733574 0.733574 1 1 0
1.43505 0.733216 0.733216 1 1 0
1.43308 0.732858 0.732858 1 1 0
1.43112 0.7325 0.7325 1 1 0
1.42915 0.732141 0.732141 1 1 0
1.42718 0.731782 0.731782 1 1 0
1.42521 0.731423 0.731423 1 1 0
1.42325 0.731064 0.731064 1 1 0
1.42128 0.730705 0.730705 1 1 0
1.41931 0.730346 0.730346 1 1 0
1.41734 0.729986 0.729986 1 1 0
1.41538 0.729626 0.729626 1 1 0
1.41341 0.729266 0.729266 1 1 0
1.41144 0.728906 0.728906 1 1 0
1.40948 0.728546 0.728546 1 1 0
1.40751 0.728186 0.728186 1 1 0
1.40554 0.727825 0.727825 1 1 0
1.40357 0.727464 0.727464 1 1 0
1.40161 0.727103 0.727103 1 1 0
1.39964 0.726742 0.726742 1 1 0
1.39767 0.726381 0.726381 1 1 0
1.39571 0.726019 0.726019 1 1 0
1.39374 0.725658 0.725658 1 1 0
1.39177 0.725296 0.725296 1 1 0
1.3898 0.724934 0.724934 1 1 0
1.38784 0.724572 0.724572 1 1 0
1.38587 0.724209 0.724209 1 1 0
1.3839 0.723847 0.723847 1 1 0
1.38194 0.723484 0.723484 1 1 0
1.37997 0.723121 0.723121 1 1 0
1.378 0.722758 0.722758 1 1 0
1.37604 0.722394 0.722394 1 1 0
1.37407 0.722031 0.722031 1 1 0
1.3721 0.721667 0.721667 1 1 0
1.37014 0.721303 0.721303 1 1 0
1.36817 0.720939 0.720939 1 1 0
1.3662 0.720575 0.720575 1 1 0
1.36424 0.72021 0.72021 1 1 0
1.36227 0.719846 0.719846 1 1 0
1.3603 0.719481 0.719481 1 1 0
1.35834 0.719116 0.719116 1 1 0
1.35637 0.71875 0.71875 1 1 0
1.3544 0.718385 0.718385 1 1 0
1.35244 0.718019 0.718019 1 1 0
1.35047 0.717653 0.717653 1 1 0
1.34851 0.717287 0.717287 1 1 0
1.34654 0.716921 0.716921 1 1 0
1.34457 0.716554 0.716554 1 1 0
1.34261 0.716187 0.716187 1 1 0
1.34064 0.71582 0.71582 1 1 0
1.33868 0.715453 0.715453 1 1 0
1.33671 0.715086 0.715086 1 1 0
1.33474 0.714718 0.714718 1 1 0
1.33278 0.71435 0.71435 1 1 0
1.33081 0.713982 0.713982 1 1 0
1.32885 0.713614 0.713614 1 1 0
1.32688 0.713245 0.713245 1 1 0
1.32492 0.712877 0.712877 1 1 0
1.32295 0.712508 0.712508 1 1 0
1.32098 0.712138 0.712138 1 1 0
1.31902 0.711769 0.711769 1 1 0
1.31705 0.711399 0.711399 1 1 0
1.31509 0.711029 0.711029 1 1 0
1.31312 0.710659 0.710659 1 1 0
1.31116 0.710289 0.710289 1 1 0
1.30919 0.709918 0.709918 1 1 0
1.30723 0.709547 0.709547 1 1 0
1.30526 0.709176 0.709176 1 1 0
1.3033 0.708805 0.708805 1 1 0
1.30133 0.708433 0.708433 1 1 0
1.29936 0.708061 0.708061 1 1 0
1.2974 0.707689 0.707689 1 1 0
1.29543 0.707317 0.707317 1 1 0
1.29347 0.706944 0.706944 1 1 0
1.2915 0.706571 0.706571 1 1 0
1.28954 0.706198 0.706198 1 1 0
1.28758 0.705825 0.705825 1 1 0
1.28561 0.705451 0.705451 1 1 0
1.28365 0.705077 0.705077 1 1 0
1.28168 0.704703 0.704703 1 1 0
1.27972 0.704328 0.704328 1 1 0
1.27775 0.703954 0.703954 1 1 0
1.27579 0.703579 0.703579 1 1 0
1.27382 0.703203 0.703203 1 1 0
1.27186 0.702828 0.702828 1 1 0
1.26989 0.702452 0.702452 1 1 0
1.26793 0.702076 0.702076 1 1 0
1.26597 0.7017 0.7017 1 1 0
1.264 0.701323 0.701323 1 1 0
1.26204 0.700946 0.700946 1 1 0
1.26007 0.700569 0.700569 1 1 0
1.25811 0.700191 0.700191 1 1 0
1.25614 0.699813 0.699813 1 1 0
1.25418 0.699435 0.699435 1 1 0
1.25222 0.699057 0.699057 1 1 0
1.25025 0.698678 0.698678 1 1 0
1.24829 0.698299 0.698299 1 1 0
1.24633 0.69792 0.69792 1 1 0
1.24436 0.69754 0.69754 1 1 0
1.2424 0.69716 0.69716 1 1 0
1.24043 0.69678 0.69678 1 1 0
1.23847 0.6964 0.6964 1 1 0
1.23651 0.696019 0.696019 1 1 0
1.23454 0.695638 0.695638 1 1 0
1.23258 0.695256 0.695256 1 1 0
1.23062 0.694874 0.694874 1 1 0
1.22866 0.694492 0.694492 1 1 0
1.22669 0.69411 0.69411 1 1 0
1.22473 0.693727 0.693727 1 1 0
1.22277 0.693344 0.693344 1 1 0
1.2208 0.69296 0.69296 1 1 0
1.21884 0.692577 0.692577 1 1 0
1.21688 0.692193 0.692193 1 1 0
1.21491 0.691808 0.691808 1 1 0
1.21295 0.691423 0.691423 1 1 0
1.21099 0.691038 0.691038 1 1 0
1.20903 0.690653 0.690653 1 1 0
1.20706 0.690267 0.690267 1 1 0
1.2051 0.68988 0.68988 1 1 0
1.20314 0.689494 0.689494 1 1 0
1.20118 0.689107 0.689107 1 1 0
1.19922 0.68872 0.68872 1 1 0
1.19725 0.688332 0.688332 1 1 0
1.19529 0.687944 0.687944 1 1 0
1.19333 0.687556 0.687556 1 1 0
1.19137 0.687167 0.687167 1 1 0
1.18941 0.686778 0.686778 1 1 0
1.18744 0.686388 0.686388 1 1 0
1.18548 0.685998 0.685998 1 1 0
1.18352 0.685608 0.685608 1 1 0
1.18156 0.685217 0.685217 1 1 0
1.1796 0.684826 0.684826 1 1 0
1.17764 0.684434 0.684434 1 1 0
1.17568 0.684043 0.684043 1 1 0
1.17371 0.68365 0.68365 1 1 0
1.17175 0.683258 0.683258 1 1 0
1.16979 0.682864 0.682864 1 1 0
1.16783 0.682471 0.682471 1 1 0
1.16587 0.682077 0.682077 1 1 0
1.16391 0.681682 0.681682 1 1 0
1.16195 0.681288 0.681288 1 1 0
1.15999 0.680892 0.680892 1 1 0
1.15803 0.680497 0.680497 1 1 0
1.15607 0.680101 0.680101 1 1 0
1.15411 0.679704 0.679704 1 1 0
1.15215 0.679307 0.679307 1 1 0
1.15019 0.67891 0.67891 1 1 0
1.14823 0.678512 0.678512 1 1 0
1.14627 0.678113 0.678113 1 1 0
1.14431 0.677715 0.677715 1 1 0
1.14235 0.677315 0.677315 1 1 0
1.14039 0.676916 0.676916 1 1 0
1.13843 0.676515 0.676515 1 1 0
1.13647 0.676115 0.676115 1 1 0
1.13451 0.675714 0.675714 1 1 0
1.13255 0.675312 0.675312 1 1 0
1.13059 0.67491 0.67491 1 1 0
1.12863 0.674507 0.674507 1 1 0
1.12667 0.674104 0.674104 1 1 0
1.12471 0.6737 0.6737 1 1 0
1.12276 0.673296 0.673296 1 1 0
1.1208 0.672892 0.672892 1 1 0
1.11884 0.672486 0.672486 1 1 0
1.11688 0.672081 0.672081 1 1 0
1.11492 0.671674 0.671674 1 1 0
1.11296 0.671268 0.671268 1 1 0
1.11101 0.67086 0.67086 1 1 0
1.10905 0.670453 0.670453 1 1 0
1.10709 0.670044 0.670044 1 1 0
1.10513 0.669635 0.669635 1 1 0
1.10317 0.669226 0.669226 1 1 0
1.10122 0.668816 0.668816 1 1 0
1.09926 0.668405 0.668405 1 1 0
1.0973 0.667994 0.667994 1 1 0
1.09535 0.667582 0.667582 1 1 0
1.09339 0.66717 0.66717 1 1 0
1.09143 0.666757 0.666757 1 1 0
1.08947 0.666344 0.666344 1 1 0
1.08752 0.66593 0.66593 1 1 0
1.08556 0.665515 0.665515 1 1 0
1.0836 0.6651 0.6651 1 1 0
1.08165 0.664684 0.664684 1 1 0
1.07969 0.664267 0.664267 1 1 0
1.07774 0.66385 0.66385 1 1 0
1.07578 0.663432 0.663432 1 1 0
1.07382 0.663014 0.663014 1 1 0
1.07187 0.662595 0.662595 1 1 0
1.06991 0.662175 0.662175 1 1 0
1.06796 0.661755 0.661755 1 1 0
1.066 0.661333 0.661333 1 1 0
1.06405 0.660912 0.660912 1 1 0
1.06209 0.660489 0.660489 1 1 0
1.06014 0.660066 0.660066 1 1 0
1.05818 0.659642 0.659642 1 1 0
1.05623 0.659218 0.659218 1 1 0
1.05428 0.658793 0.658793 1 1 0
1.05232 0.658367 0.658367 1 1 0
1.05037 0.65794 0.65794 1 1 0
1.04841 0.657513 0.657513 1 1 0
1.04646 0.657085 0.657085 1 1 0
1.04451 0.656656 0.656656 1 1 0
1.04255 0.656226 0.656226 1 1 0
1.0406 0.655796 0.655796 1 1 0
1.03865 0.655365 0.655365 1 1 0
1.03669 0.654933 0.654933 1 1 0
1.03474 0.6545 0.6545 1 1 0
1.03279 0.654066 0.654066 1 1 0
1.03084 0.653632 0.653632 1 1 0
1.02888 0.653197 0.653197 1 1 0
1.02693 0.652761 0.652761 1 1 0
1.02498 0.652324 0.652324 1 1 0
1.02303 0.651887 0.651887 1 1 0
1.02108 0.651448 0.651448 1 1 0
1.01913 0.651009 0.651009 1 1 0
1.01718 0.650569 0.650569 1 1 0
1.01523 0.650127 0.650127 1 1 0
1.01327 0.649685 0.649685 1 1 0
1.01132 0.649243 0.649243 1 1 0
1.00937 0.648799 0.648799 1 1 0
1.00742 0.648354 0.648354 1 1 0
1.00547 0.647908 0.647908 1 1 0
1.00353 0.647462 0.647462 1 1 0
1.00158 0.647014 0.647014 1 1 0
0.999627 0.646566 0.646566 1 1 0
0.997678 0.646116 0.646116 1 1 0
0.995729 0.645666 0.645666 1 1 0
0.993781 0.645214 0.645214 1 1 0
0.991833 0.644762 0.644762 1 1 0
0.989885 0.644309 0.644309 1 1 0
0.987937 0.643854 0.643854 1 1 0
0.98599 0.643398 0.643398 1 1 0
0.984043 0.642942 0.642942 1 1 0
0.982096 0.642484 0.642484 1 1 0
0.980149 0.642025 0.642025 1 1 0
0.978203 0.641565 0.641565 1 1 0
0.976256 0.641104 0.641104 1 1 0
0.974311 0.640642 0.640642 1 1 0
0.972365 0.640179 0.640179 1 1 0
0.97042 0.639714 0.639714 1 1 0
0.968475 0.639249 0.639249 1 1 0
0.96653 0.638782 0.638782 1 1 0
0.964585 0.638314 0.638314 1 1 0
0.962641 0.637845 0.637845 1 1 0
0.960697 0.637374 0.637374 1 1 0
0.958754 0.636903 0.636903 1 1 0
0.95681 0.63643 0.63643 1 1 0
0.954868 0.635955 0.635955 1 1 0
0.952925 0.63548 0.63548 1 1 0
0.950983 0.635003 0.635003 1 1 0
0.949041 0.634524 0.634524 1 1 0
0.947099 0.634045 0.634045 1 1 0
0.945158 0.633564 0.633564 1 1 0
0.943217 0.633081 0.633081 1 1 0
0.941276 0.632598 0.632598 1 1 0
0.939336 0.632112 0.632112 1 1 0
0.937396 0.631626 0.631626 1 1 0
0.935457 0.631137 0.631137 1 1 0
0.933517 0.630648 0.630648 1 1 0
0.931579 0.630156 0.630156 1 1 0
0.92964 0.629664 0.629664 1 1 0
0.927702 0.629169 0.629169 1 1 0
0.925765 0.628673 0.628673 1 1 0
0.923828 0.628176 0.628176 1 1 0
0.921891 0.627676 0.627676 1 1 0
0.919955 0.627175 0.627175 1 1 0
0.918019 0.626673 0.626673 1 1 0
0.916084 0.626168 0.626168 1 1 0
0.914149 0.625662 0.625662 1 1 0
0.912214 0.625155 0.625155 1 1 0
0.91028 0.624645 0.624645 1 1 0
0.908347 0.624133 0.624133 1 1 0
0.906414 0.62362 0.62362 1 1 0
0.904481 0.623105 0.623105 1 1 0
0.902549 0.622587 0.622587 1 1 0
0.900618 0.622068 0.622068 1 1 0
0.898687 0.621547 0.621547 1 1 0
0.896757 0.621024 0.621024 1 1 0
0.894827 0.620499 0.620499 1 1 0
0.892898 0.619971 0.619971 1 1 0
0.890969 0.619442 0.619442 1 1 0
0.889041 0.61891 0.61891 1 1 0
0.887114 0.618376 0.618376 1 1 0
0.885187 0.61784 0.61784 1 1 0
0.883261 0.617302 0.617302 1 1 0
0.881335 0.616761 0.616761 1 1 0
0.87941 0.616218 0.616218 1 1 0
0.877486 0.615672 0.615672 1 1 0
0.875563 0.615124 0.615124 1 1 0
0.87364 0.614574 0.614574 1 1 0
0.871718 0.61402 0.61402 1 1 0
0.869797 0.613465 0.613465 1 1 0
0.867876 0.612906 0.612906 1 1 0
0.865957 0.612345 0.612345 1 1 0
0.864038 0.611781 0.611781 1 1 0
0.86212 0.611214 0.611214 1 1 0
0.860203 0.610645 0.610645 1 1 0
0.858286 0.610072 0.610072 1 1 0
0.856371 0.609496 0.609496 1 1 0
0.854457 0.608918 0.608918 1 1 0
0.852543 0.608336 0.608336 1 1 0
0.850631 0.607751 0.607751 1 1 0
0.848719 0.607162 0.607162 1 1 0
0.846809 0.60657 0.60657 1 1 0
0.844899 0.605975 0.605975 1 1 0
0.842991 0.605377 0.605377 1 1 0
0.841084 0.604774 0.604774 1 1 0
0.839178 0.604168 0.604168 1 1 0
0.837273 0.603558 0.603558 1 1 0
0.83537 0.602945 0.602945 1 1 0
0.833467 0.602327 0.602327 1 1 0
0.831566 0.601706 0.601706 1 1 0
0.829667 0.60108 0.60108 1 1 0
0.827769 0.60045 0.60045 1 1 0
0.825872 0.599815 0.599815 1 1 0
0.823977 0.599176 0.599176 1 1 0
0.822083 0.598533 0.598533 1 1 0
0.820191 0.597884 0.597884 1 1 0
0.818301 0.597231 0.597231 1 1 0
0.816412 0.596573 0.596573 1 1 0
0.814525 0.59591 0.59591 1 1 0
0.81264 0.595241 0.595241 1 1 0
0.810757 0.594567 0.594567 1 1 0
0.808876 0.593887 0.593887 1 1 0
0.806998 0.593202 0.593202 1 1 0
0.805121 0.59251 0.59251 1 1 0
0.803246 0.591813 0.591813 1 1 0
0.801374 0.591109 0.591109 1 1 0
0.799505 0.590398 0.590398 1 1 0
0.797638 0.589681 0.589681 1 1 0
0.795774 0.588957 0.588957 1 1 0
0.793912 0.588225 0.588225 1 1 0
0.792054 0.587486 0.587486 1 1 0
0.790198 0.58674 0.58674 1 1 0
0.788346 0.585985 0.585985 1 1 0
0.786497 0.585222 0.585222 1 1 0
0.784652 0.58445 0.58445 1 1 0
0.782811 0.583669 0.583669 1 1 0
0.780974 0.582879 0.582879 1 1 0
0.77914 0.58208 0.58208 1 1 0
0.777312 0.58127 0.58127 1 1 0
0.775488 0.580449 0.580449 1 1 0
0.773669 0.579618 0.579618 1 1 0
0.771855 0.578775 0.578775 1 1 0
0.770047 0.57792 0.57792 1 1 0
0.768245 0.577052 0.577052 1 1 0
0.766449 0.576171 0.576171 1 1 0
0.76466 0.575276 0.575276 1 1 0
0.762879 0.574367 0.574367 1 1 0
0.761105 0.573443 0.573443 1 1 0
0.75934 0.572502 0.572502 1 1 0
0.757584 0.571544 0.571544 1 1 0
0.755838 0.570569 0.570569 1 1 0
0.754103 0.569574 0.569574 1 1 0
0.752379 0.56856 0.56856 1 1 0
0.750668 0.567524 0.567524 1 1 0
0.748971 0.566465 0.566465 1 1 0
0.74729 0.565382 0.565382 1 1 0
0.745625 0.564274 0.564274 1 1 0
0.743978 0.563137 0.563137 1 1 0
0.742353 0.561972 0.561972 1 1 0
0.74075 0.560774 0.560774 1 1 0
0.739174 0.559543 0.559543 1 1 0
0.737627 0.558275 0.558275 1 1 0
0.736112 0.556967 0.556967 1 1 0
0.734636 0.555617 0.555617 1 1 0
0.733202 0.554221 0.554221 1 1 0
0.731818 0.552776 0.552776 1 1 0
0.73049 0.551278 0.551278 1 1 0
0.72923 0.549723 0.549723 1 1 0
0.728046 0.548108 0.548108 1 1 0
0.726952 0.54643 0.54643 1 1 0
0.725964 0.544687 0.544687 1 1 0
0.725098 0.542879 0.542879 1 1 0
0.724372 0.541009 0.541009 1 1 0
0.723806 0.539083 0.539083 1 1 0
0.723417 0.537121 0.537121 1 1 0
0.723216 0.535131 0.535131 1 1 0
0.723189 0.534073 0.534073 2 1 0
0.723287 0.532075 0.532075 2 1 0
0.723575 0.530095 0.530095 2 1 0
0.724043 0.528151 0.528151 2 1 0
0.724678 0.526247 0.526247 2 1 0
0.725459 0.524399 0.524399 2 1 0
0.726367 0.522611 0.522611 2 1 0
0.727386 0.520886 0.520886 2 1 0
0.728499 0.51922 0.51922 2 1 0
0.729693 0.517613 0.517613 2 1 0
0.730957 0.51606 0.51606 2 1 0
0.732281 0.514559 0.514559 2 1 0
0.733657 0.513106 0.513106 2 1 0
0.735078 0.511697 0.511697 2 1 0
0.736538 0.510329 0.510329 2 1 0
0.738033 0.509 0.509 2 1 0
0.739558 0.507705 0.507705 2 1 0
0.74111 0.506443 0.506443 2 1 0
0.742687 0.505211 0.505211 2 1 0
0.744284 0.504008 0.504008 2 1 0
0.745901 0.50283 0.50283 2 1 0
0.747536 0.501677 0.501677 2 1 0
0.749186 0.500546 0.500546 2 1 0
0.75085 0.499437 0.499437 2 1 0
0.752527 0.498348 0.498348 2 1 0
0.754217 0.497277 0.497277 2 1 0
0.755917 0.496223 0.496223 2 1 0
0.757627 0.495185 0.495185 2 1 0
0.759346 0.494163 0.494163 2 1 0
0.761074 0.493156 0.493156 2 1 0
0.762809 0.492162 0.492162 2 1 0
0.764552 0.49118 0.49118 2 1 0
0.766301 0.490211 0.490211 2 1 0
0.768057 0.489253 0.489253 2 1 0
0.769819 0.488306 0.488306 2 1 0
0.771586 0.487369 0.487369 2 1 0
0.773358 0.486442 0.486442 2 1 0
0.775134 0.485523 0.485523 2 1 0
0.776915 0.484613 0.484613 2 1 0
0.778701 0.483712 0.483712 2 1 0
0.78049 0.482818 0.482818 2 1 0
0.782282 0.481931 0.481931 2 1 0
0.784078 0.481051 0.481051 2 1 0
0.785877 0.480177 0.480177 2 1 0
0.78768 0.47931 0.47931 2 1 0
0.789485 0.478448 0.478448 2 1 0
0.791292 0.477592 0.477592 2 1 0
0.793102 0.476741 0.476741 2 1 0
0.794914 0.475895 0.475895 2 1 0
0.796729 0.475053 0.475053 2 1 0
0.798545 0.474216 0.474216 2 1 0
0.800363 0.473383 0.473383 2 1 0
0.802183 0.472554 0.472554 2 1 0
0.804004 0.471728 0.471728 2 1 0
0.805827 0.470905 0.470905 2 1 0
0.807652 0.470085 0.470085 2 1 0
0.809477 0.469269 0.469269 2 1 0
0.811304 0.468454 0.468454 2 1 0
0.813132 0.467643 0.467643 2 1 0
0.814961 0.466833 0.466833 2 1 0
0.816791 0.466026 0.466026 2 1 0
0.818621 0.46522 0.46522 2 1 0
0.820452 0.464416 0.464416 2 1 0
0.822284 0.463613 0.463613 2 1 0
0.824117 0.462812 0.462812 2 1 0
0.82595 0.462012 0.462012 2 1 0
0.827783 0.461212 0.461212 2 1 0
0.829616 0.460413 0.460413 2 1 0
0.83145 0.459615 0.459615 2 1 0
0.833284 0.458817 0.458817 2 1 0
0.835118 0.458019 0.458019 2 1 0
0.836952 0.457221 0.457221 2 1 0
0.838786 0.456423 0.456423 2 1 0
0.84062 0.455625 0.455625 2 1 0
0.842453 0.454826 0.454826 2 1 0
0.844286 0.454026 0.454026 2 1 0
0.846119 0.453226 0.453226 2 1 0
0.847951 0.452424 0.452424 2 1 0
0.849783 0.451621 0.451621 2 1 0
0.851614 0.450817 0.450817 2 1 0
0.853445 0.450011 0.450011 2 1 0
0.855274 0.449203 0.449203 2 1 0
0.857103 0.448393 0.448393 2 1 0
0.858931 0.447581 0.447581 2 1 0
0.860758 0.446767 0.446767 2 1 0
0.862583 0.44595 0.44595 2 1 0
0.864407 0.44513 0.44513 2 1 0
0.86623 0.444308 0.444308 2 1 0
0.868052 0.443482 0.443482 2 1 0
0.869872 0.442653 0.442653 2 1 0
0.87169 0.44182 0.44182 2 1 0
0.873507 0.440983 0.440983 2 1 0
0.875321 0.440142 0.440142 2 1 0
0.877134 0.439297 0.439297 2 1 0
0.878944 0.438447 0.438447 2 1 0
0.880752 0.437592 0.437592 2 1 0
0.882558 0.436732 0.436732 2 1 0
0.884361 0.435866 0.435866 2 1 0
0.886162 0.434995 0.434995 2 1 0
0.887959 0.434118 0.434118 2 1 0
0.889753 0.433235 0.433235 2 1 0
0.891544 0.432345 0.432345 2 1 0
0.893332 0.431447 0.431447 2 1 0
0.895115 0.430543 0.430543 2 1 0
0.896895 0.42963 0.42963 2 1 0
0.898671 0.42871 0.42871 2 1 0
0.900442 0.42778 0.42778 2 1 0
0.902208 0.426842 0.426842 2 1 0
0.903969 0.425894 0.425894 2 1 0
0.905725 0.424936 0.424936 2 1 0
0.907475 0.423968 0.423968 2 1 0
0.909219 0.422988 0.422988 2 1 0
0.910956 0.421997 0.421997 2 1 0
0.912686 0.420994 0.420994 2 1 0
0.914408 0.419977 0.419977 2 1 0
0.916122 0.418947 0.418947 2 1 0
0.917828 0.417902 0.417902 2 1 0
0.919524 0.416841 0.416841 2 1 0
0.92121 0.415765 0.415765 2 1 0
0.922884 0.414671 0.414671 2 1 0
0.924547 0.41356 0.41356 2 1 0
0.926197 0.412429 0.412429 2 1 0
0.927832 0.411277 0.411277 2 1 0
0.929452 0.410104 0.410104 2 1 0
0.931056 0.408908 0.408908 2 1 0
0.93264 0.407688 0.407688 2 1 0
0.934205 0.406442 0.406442 2 1 0
0.935747 0.405168 0.405168 2 1 0
0.937264 0.403864 0.403864 2 1 0
0.938754 0.402529 0.402529 2 1 0
0.940213 0.401161 0.401161 2 1 0
0.941638 0.399757 0.399757 2 1 0
0.943025 0.398315 0.398315 2 1 0
0.94437 0.396833 0.396833 2 1 0
0.945666 0.395308 0.395308 2 1 0
0.946907 0.393738 0.393738 2 1 0
0.948087 0.392121 0.392121 2 1 0
0.949197 0.390456 0.390456 2 1 0
0.950229 0.38874 0.38874 2 1 0
0.951172 0.386973 0.386973 2 1 0
0.952015 0.385156 0.385156 2 1 0
0.952748 0.383291 0.383291 2 1 0
0.953357 0.381382 0.381382 2 1 0
0.953833 0.379435 0.379435 2 1 0
0.954167 0.377457 0.377457 2 1 0
0.95435 0.37546 0.37546 2 1 0
0.954387 0.374062 0.374062 1 1 0
0.954311 0.372062 0.372062 1 1 0
0.954084 0.37007 0.37007 1 1 0
0.953712 0.368099 0.368099 1 1 0
0.953204 0.366159 0.366159 1 1 0
0.952572 0.364258 0.364258 1 1 0
0.951825 0.362398 0.362398 1 1 0
0.950975 0.360584 0.360584 1 1 0
0.950034 0.358817 0.358817 1 1 0
0.949011 0.357095 0.357095 1 1 0
0.947916 0.35542 0.35542 1 1 0
0.946756 0.353789 0.353789 1 1 0
0.945539 0.3522 0.3522 1 1 0
0.944271 0.350652 0.350652 1 1 0
0.942958 0.349142 0.349142 1 1 0
0.941604 0.347669 0.347669 1 1 0
0.940214 0.34623 0.34623 1 1 0
0.938791 0.344824 0.344824 1 1 0
0.937339 0.343449 0.343449 1 1 0
0.935859 0.342102 0.342102 1 1 0
0.934356 0.340783 0.340783 1 1 0
0.93283 0.339489 0.339489 1 1 0
0.931284 0.33822 0.33822 1 1 0
0.92972 0.336973 0.336973 1 1 0
0.928138 0.335748 0.335748 1 1 0
0.926541 0.334544 0.334544 1 1 0
0.92493 0.33336 0.33336 1 1 0
0.923305 0.332193 0.332193 1 1 0
0.921667 0.331045 0.331045 1 1 0
0.920018 0.329913 0.329913 1 1 0
0.918359 0.328797 0.328797 1 1 0
0.916689 0.327696 0.327696 1 1 0
0.91501 0.326609 0.326609 1 1 0
0.913322 0.325536 0.325536 1 1 0
0.911626 0.324477 0.324477 1 1 0
0.909921 0.323429 0.323429 1 1 0
0.90821 0.322394 0.322394 1 1 0
0.906492 0.321371 0.321371 1 1 0
0.904767 0.320358 0.320358 1 1 0
0.903036 0.319356 0.319356 1 1 0
0.901299 0.318364 0.318364 1 1 0
0.899557 0.317382 0.317382 1 1 0
0.897809 0.31641 0.31641 1 1 0
0.896057 0.315446 0.315446 1 1 0
0.8943 0.314491 0.314491 1 1 0
0.892538 0.313544 0.313544 1 1 0
0.890772 0.312606 0.312606 1 1 0
0.889001 0.311675 0.311675 1 1 0
0.887227 0.310752 0.310752 1 1 0
0.885449 0.309836 0.309836 1 1 0
0.883668 0.308927 0.308927 1 1 0
0.881883 0.308025 0.308025 1 1 0
0.880095 0.307129 0.307129 1 1 0
0.878303 0.306239 0.306239 1 1 0
0.876509 0.305356 0.305356 1 1 0
0.874712 0.304479 0.304479 1 1 0
0.872911 0.303607 0.303607 1 1 0
0.871109 0.302741 0.302741 1 1 0
0.869303 0.301881 0.301881 1 1 0
0.867495 0.301025 0.301025 1 1 0
0.865685 0.300175 0.300175 1 1 0
0.863873 0.29933 0.29933 1 1 0
0.862058 0.298489 0.298489 1 1 0
0.860241 0.297653 0.297653 1 1 0
0.858422 0.296822 0.296822 1 1 0
0.856601 0.295995 0.295995 1 1 0
0.854778 0.295172 0.295172 1 1 0
0.852953 0.294354 0.294354 1 1 0
0.851126 0.293539 0.293539 1 1 0
0.849298 0.292729 0.292729 1 1 0
0.847468 0.291922 0.291922 1 1 0
0.845636 0.291119 0.291119 1 1 0
0.843803 0.290319 0.290319 1 1 0
0.841968 0.289524 0.289524 1 1 0
0.840132 0.288731 0.288731 1 1 0
0.838294 0.287942 0.287942 1 1 0
0.836455 0.287156 0.287156 1 1 0
0.834614 0.286374 0.286374 1 1 0
0.832772 0.285594 0.285594 1 1 0
0.830929 0.284818 0.284818 1 1 0
0.829085 0.284045 0.284045 1 1 0
0.827239 0.283274 0.283274 1 1 0
0.825392 0.282506 0.282506 1 1 0
0.823544 0.281741 0.281741 1 1 0
0.821695 0.280979 0.280979 1 1 0
0.819845 0.28022 0.28022 1 1 0
0.817994 0.279462 0.279462 1 1 0
0.816142 0.278708 0.278708 1 1 0
0.814289 0.277956 0.277956 1 1 0
0.812434 0.277206 0.277206 1 1 0
0.810579 0.276459 0.276459 1 1 0
0.808723 0.275714 0.275714 1 1 0
0.806866 0.274971 0.274971 1 1 0
0.805008 0.27423 0.27423 1 1 0
0.80315 0.273492 0.273492 1 1 0
0.80129 0.272755 0.272755 1 1 0
0.79943 0.272021 0.272021 1 1 0
0.797569 0.271289 0.271289 1 1 0
0.795707 0.270558 0.270558 1 1 0
0.793844 0.26983 0.26983 1 1 0
0.791981 0.269103 0.269103 1 1 0
0.790117 0.268379 0.268379 1 1 0
0.788252 0.267656 0.267656 1 1 0
0.786387 0.266935 0.266935 1 1 0
0.784521 0.266215 0.266215 1 1 0
0.782654 0.265498 0.265498 1 1 0
0.780786 0.264782 0.264782 1 1 0
0.778918 0.264067 0.264067 1 1 0
0.77705 0.263354 0.263354 1 1 0
0.77518 0.262643 0.262643 1 1 0
0.773311 0.261933 0.261933 1 1 0
0.77144 0.261225 0.261225 1 1 0
0.769569 0.260518 0.260518 1 1 0
0.767698 0.259813 0.259813 1 1 0
0.765826 0.259109 0.259109 1 1 0
0.763953 0.258406 0.258406 1 1 0
0.76208 0.257705 0.257705 1 1 0
0.760207 0.257005 0.257005 1 1 0
0.758333 0.256306 0.256306 1 1 0
0.756458 0.255609 0.255609 1 1 0
0.754583 0.254913 0.254913 1 1 0
0.752708 0.254218 0.254218 1 1 0
0.750832 0.253525 0.253525 1 1 0
0.748956 0.252832 0.252832 1 1 0
0.747079 0.252141 0.252141 1 1 0
0.745202 0.251451 0.251451 1 1 0
0.743324 0.250762 0.250762 1 1 0
0.741446 0.250074 0.250074 1 1 0
0.739568 0.249387 0.249387 1 1 0
0.737689 0.248701 0.248701 1 1 0
0.73581 0.248016 0.248016 1 1 0
0.733931 0.247332 0.247332 1 1 0
0.732051 0.246649 0.246649 1 1 0
0.730171 0.245967 0.245967 1 1 0
0.72829 0.245287 0.245287 1 1 0
0.726409 0.244607 0.244607 1 1 0
0.724528 0.243928 0.243928 1 1 0
0.722646 0.243249 0.243249 1 1 0
0.720765 0.242572 0.242572 1 1 0
0.718882 0.241896 0.241896 1 1 0
0.717 0.24122 0.24122 1 1 0
0.715117 0.240546 0.240546 1 1 0
0.713234 0.239872 0.239872 1 1 0
0.711351 0.239199 0.239199 1 1 0
0.709467 0.238526 0.238526 1 1 0
0.707583 0.237855 0.237855 1 1 0
0.705699 0.237184 0.237184 1 1 0
0.703815 0.236514 0.236514 1 1 0
0.70193 0.235845 0.235845 1 1 0
0.700045 0.235176 0.235176 1 1 0
0.69816 0.234508 0.234508 1 1 0
0.696275 0.233841 0.233841 1 1 0
0.694389 0.233175 0.233175 1 1 0
0.692503 0.232509 0.232509 1 1 0
0.690617 0.231844 0.231844 1 1 0
0.68873 0.231179 0.231179 1 1 0
0.686844 0.230515 0.230515 1 1 0
0.684957 0.229852 0.229852 1 1 0
0.68307 0.229189 0.229189 1 1 0
0.681183 0.228527 0.228527 1 1 0
0.679295 0.227866 0.227866 1 1 0
0.677408 0.227205 0.227205 1 1 0
0.67552 0.226545 0.226545 1 1 0
0.673632 0.225885 0.225885 1 1 0
0.671743 0.225226 0.225226 1 1 0
0.669855 0.224567 0.224567 1 1 0
0.667966 0.223909 0.223909 1 1 0
0.666078 0.223251 0.223251 1 1 0
0.664189 0.222594 0.222594 1 1 0
0.6623 0.221937 0.221937 1 1 0
0.66041 0.221281 0.221281 1 1 0
0.658521 0.220625 0.220625 1 1 0
0.656631 0.21997 0.21997 1 1 0
0.654741 0.219315 0.219315 1 1 0
0.652851 0.218661 0.218661 1 1 0
0.650961 0.218007 0.218007 1 1 0
0.649071 0.217354 0.217354 1 1 0
0.647181 0.216701 0.216701 1 1 0
0.64529 0.216048 0.216048 1 1 0
0.6434 0.215396 0.215396 1 1 0
0.641509 0.214744 0.214744 1 1 0
0.639618 0.214093 0.214093 1 1 0
0.637727 0.213442 0.213442 1 1 0
0.635835 0.212791 0.212791 1 1 0
0.633944 0.212141 0.212141 1 1 0
0.632053 0.211491 0.211491 1 1 0
0.630161 0.210842 0.210842 1 1 0
0.628269 0.210193 0.210193 1 1 0
0.626377 0.209544 0.209544 1 1 0
0.624485 0.208895 0.208895 1 1 0
0.622593 0.208247 0.208247 1 1 0
0.620701 0.2076 0.2076 1 1 0
0.618809 0.206952 0.206952 1 1 0
0.616916 0.206305 0.206305 1 1 0
0.615024 0.205658 0.205658 1 1 0
0.613131 0.205012 0.205012 1 1 0
0.611239 0.204365 0.204365 1 1 0
0.609346 0.20372 0.20372 1 1 0
0.607453 0.203074 0.203074 1 1 0
0.60556 0.202429 0.202429 1 1 0
0.603667 0.201783 0.201783 1 1 0
0.601773 0.201139 0.201139 1 1 0
0.59988 0.200494 0.200494 1 1 0
0.597987 0.19985 0.19985 1 1 0
0.596093 0.199206 0.199206 1 1 0
0.5942 0.198562 0.198562 1 1 0
0.592306 0.197919 0.197919 1 1 0
0.590412 0.197275 0.197275 1 1 0
0.588519 0.196632 0.196632 1 1 0
0.586625 0.195989 0.195989 1 1 0
0.584731 0.195347 0.195347 1 1 0
0.582837 0.194704 0.194704 1 1 0
0.580943 0.194062 0.194062 1 1 0
0.579048 0.19342 0.19342 1 1 0
0.577154 0.192779 0.192779 1 1 0
0.57526 0.192137 0.192137 1 1 0
0.573365 0.191496 0.191496 1 1 0
0.571471 0.190855 0.190855 1 1 0
0.569576 0.190214 0.190214 1 1 0
0.567682 0.189573 0.189573 1 1 0
0.565787 0.188933 0.188933 1 1 0
0.563892 0.188292 0.188292 1 1 0
0.561998 0.187652 0.187652 1 1 0
0.560103 0.187012 0.187012 1 1 0
0.558208 0.186372 0.186372 1 1 0
0.556313 0.185733 0.185733 1 1 0
0.554418 0.185093 0.185093 1 1 0
0.552523 0.184454 0.184454 1 1 0
0.550628 0.183815 0.183815 1 1 0
0.548733 0.183176 0.183176 1 1 0
0.546837 0.182537 0.182537 1 1 0
0.544942 0.181898 0.181898 1 1 0
0.543047 0.18126 0.18126 1 1 0
0.541151 0.180621 0.180621 1 1 0
0.539256 0.179983 0.179983 1 1 0
0.537361 0.179345 0.179345 1 1 0
0.535465 0.178707 0.178707 1 1 0
0.533569 0.178069 0.178069 1 1 0
0.531674 0.177431 0.177431 1 1 0
0.529778 0.176794 0.176794 1 1 0
0.527883 0.176156 0.176156 1 1 0
0.525987 0.175519 0.175519 1 1 0
0.524091 0.174882 0.174882 1 1 0
0.522195 0.174245 0.174245 1 1 0
0.520299 0.173608 0.173608 1 1 0
0.518403 0.172971 0.172971 1 1 0
0.516508 0.172334 0.172334 1 1 0
0.514612 0.171697 0.171697 1 1 0
0.512716 0.171061 0.171061 1 1 0
0.51082 0.170424 0.170424 1 1 0
0.508924 0.169788 0.169788 1 1 0
0.507027 0.169152 0.169152 1 1 0
0.505131 0.168516 0.168516 1 1 0
0.503235 0.167879 0.167879 1 1 0
0.501339 0.167243 0.167243 1 1 0
0.499443 0.166608 0.166608 1 1 0
0.497546 0.165972 0.165972 1 1 0
0.49565 0.165336 0.165336 1 1 0
0.493754 0.1647 0.1647 1 1 0
0.491858 0.164065 0.164065 1 1 0
0.489961 0.163429 0.163429 1 1 0
0.488065 0.162794 0.162794 1 1 0
0.486168 0.162159 0.162159 1 1 0
0.484272 0.161523 0.161523 1 1 0
0.482376 0.160888 0.160888 1 1 0
0.480479 0.160253 0.160253 1 1 0
0.478583 0.159618 0.159618 1 1 0
0.476686 0.158983 0.158983 1 1 0
0.474789 0.158348 0.158348 1 1 0
0.472893 0.157713 0.157713 1 1 0
0.470996 0.157079 0.157079 1 1 0
0.4691 0.156444 0.156444 1 1 0
0.467203 0.155809 0.155809 1 1 0
0.465306 0.155175 0.155175 1 1 0
0.46341 0.15454 0.15454 1 1 0
0.461513 0.153906 0.153906 1 1 0
0.459616 0.153271 0.153271 1 1 0
0.45772 0.152637 0.152637 1 1 0
0.455823 0.152003 0.152003 1 1 0
0.453926 0.151369 0.151369 1 1 0
0.452029 0.150734 0.150734 1 1 0
0.450132 0.1501 0.1501 1 1 0
0.448236 0.149466 0.149466 1 1 0
0.446339 0.148832 0.148832 1 1 0
0.444442 0.148198 0.148198 1 1 0
0.442545 0.147564 0.147564 1 1 0
0.440648 0.14693 0.14693 1 1 0
0.438751 0.146296 0.146296 1 1 0
0.436854 0.145662 0.145662 1 1 0
0.434957 0.145029 0.145029 1 1 0
0.433061 0.144395 0.144395 1 1 0
0.431164 0.143761 0.143761 1 1 0
0.429267 0.143128 0.143128 1 1 0
0.42737 0.142494 0.142494 1 1 0
0.425473 0.14186 0.14186 1 1 0
0.423576 0.141227 0.141227 1 1 0
0.421679 0.140593 0.140593 1 1 0
0.419782 0.13996 0.13996 1 1 0
0.417885 0.139326 0.139326 1 1 0
0.415988 0.138693 0.138693 1 1 0
0.414091 0.138059 0.138059 1 1 0
0.412193 0.137426 0.137426 1 1 0
0.410296 0.136793 0.136793 1 1 0
0.408399 0.136159 0.136159 1 1 0
0.406502 0.135526 0.135526 1 1 0
0.404605 0.134893 0.134893 1 1 0
0.402708 0.134259 0.134259 1 1 0
0.400811 0.133626 0.133626 1 1 0
0.398914 0.132993 0.132993 1 1 0
0.397017 0.13236 0.13236 1 1 0
0.39512 0.131727 0.131727 1 1 0
0.393222 0.131094 0.131094 1 1 0
0.391325 0.13046 0.13046 1 1 0
0.389428 0.129827 0.129827 1 1 0
0.387531 0.129194 0.129194 1 1 0
0.385634 0.128561 0.128561 1 1 0
0.383737 0.127928 0.127928 1 1 0
0.381839 0.127295 0.127295 1 1 0
0.379942 0.126662 0.126662 1 1 0
0.378045 0.126029 0.126029 1 1 0
0.376148 0.125396 0.125396 1 1 0
0.374251 0.124763 0.124763 1 1 0
0.372353 0.12413 0.12413 1 1 0
0.370456 0.123498 0.123498 1 1 0
0.368559 0.122865 0.122865 1 1 0
0.366662 0.122232 0.122232 1 1 0
0.364765 0.121599 0.121599 1 1 0
0.362867 0.120966 0.120966 1 1 0
0.36097 0.120333 0.120333 1 1 0
0.359073 0.1197 0.1197 1 1 0
0.357176 0.119068 0.119068 1 1 0
0.355278 0.118435 0.118435 1 1 0
0.353381 0.117802 0.117802 1 1 0
0.351484 0.117169 0.117169 1 1 0
0.349586 0.116537 0.116537 1 1 0
0.347689 0.115904 0.115904 1 1 0
0.345792 0.115271 0.115271 1 1 0
0.343895 0.114638 0.114638 1 1 0
0.341997 0.114006 0.114006 1 1 0
0.3401 0.113373 0.113373 1 1 0
0.338203 0.11274 0.11274 1 1 0
0.336306 0.112108 0.112108 1 1 0
0.334408 0.111475 0.111475 1 1 0
0.332511 0.110842 0.110842 1 1 0
0.330614 0.11021 0.11021 1 1 0
0.328716 0.109577 0.109577 1 1 0
0.326819 0.108944 0.108944 1 1 0
0.324922 0.108312 0.108312 1 1 0
0.323024 0.107679 0.107679 1 1 0
0.321127 0.107046 0.107046 1 1 0
0.31923 0.106414 0.106414 1 1 0
0.317332 0.105781 0.105781 1 1 0
0.315435 0.105148 0.105148 1 1 0
0.313538 0.104516 0.104516 1 1 0
0.311641 0.103883 0.103883 1 1 0
0.309743 0.103251 0.103251 1 1 0
0.307846 0.102618 0.102618 1 1 0
0.305949 0.101986 0.101986 1 1 0
0.304051 0.101353 0.101353 1 1 0
0.302154 0.10072 0.10072 1 1 0
0.300257 0.100088 0.100088 1 1 0
0.298359 0.0994553 0.0994553 1 1 0
0.296462 0.0988227 0.0988227 1 1 0
0.294565 0.0981902 0.0981902 1 1 0
0.292667 0.0975576 0.0975576 1 1 0
0.29077 0.0969251 0.0969251 1 1 0
0.288873 0.0962926 0.0962926 1 1 0
0.286975 0.09566 0.09566 1 1 0
0.285078 0.0950275 0.0950275 1 1 0
0.283181 0.094395 0.094395 1 1 0
0.281283 0.0937624 0.0937624 1 1 0
0.279386 0.0931299 0.0931299 1 1 0
0.277488 0.0924974 0.0924974 1 1 0
0.275591 0.0918649 0.0918649 1 1 0
0.273694 0.0912324 0.0912324 1 1 0
0.271796 0.0905999 0.0905999 1 1 0
0.269899 0.0899674 0.0899674 1 1 0
0.268002 0.0893349 0.0893349 1 1 0
0.266104 0.0887024 0.0887024 1 1 0
0.264207 0.0880699 0.0880699 1 1 0
0.26231 0.0874374 0.0874374 1 1 0
0.260412 0.0868049 0.0868049 1 1 0
0.258515 0.0861724 0.0861724 1 1 0
0.256618 0.0855399 0.0855399 1 1 0
0.25472 0.0849074 0.0849074 1 1 0
0.252823 0.0842749 0.0842749 1 1 0
0.250926 0.0836424 0.0836424 1 1 0
0.249028 0.0830099 0.0830099 1 1 0
0.247131 0.0823774 0.0823774 1 1 0
0.245233 0.081745 0.081745 1 1 0
0.243336 0.0811125 0.0811125 1 1 0
0.241439 0.08048 0.08048 1 1 0
0.239541 0.0798475 0.0798475 1 1 0
0.237644 0.0792151 0.0792151 1 1 0
0.235747 0.0785826 0.0785826 1 1 0
0.233849 0.0779501 0.0779501 1 1 0
0.231952 0.0773176 0.0773176 1 1 0
0.230055 0.0766852 0.0766852 1 1 0
0.228157 0.0760527 0.0760527 1 1 0
0.22626 0.0754202 0.0754202 1 1 0
0.224363 0.0747877 0.0747877 1 1 0
0.222465 0.0741553 0.0741553 1 1 0
0.220568 0.0735228 0.0735228 1 1 0
0.21867 0.0728903 0.0728903 1 1 0
0.216773 0.0722579 0.0722579 1 1 0
0.214876 0.0716254 0.0716254 1 1 0
0.212978 0.0709929 0.0709929 1 1 0
0.211081 0.0703605 0.0703605 1 1 0
0.209184 0.069728 0.069728 1 1 0
0.207286 0.0690955 0.0690955 1 1 0
0.205389 0.0684631 0.0684631 1 1 0
0.203492 0.0678306 0.0678306 1 1 0
0.201594 0.0671982 0.0671982 1 1 0
0.199697 0.0665657 0.0665657 1 1 0
0.197799 0.0659332 0.0659332 1 1 0
0.195902 0.0653008 0.0653008 1 1 0
0.194005 0.0646683 0.0646683 1 1 0
0.192107 0.0640358 0.0640358 1 1 0
0.19021 0.0634034 0.0634034 1 1 0
0.188313 0.0627709 0.0627709 1 1 0
0.186415 0.0621385 0.0621385 1 1 0
0.184518 0.061506 0.061506 1 1 0
0.182621 0.0608736 0.0608736 1 1 0
0.180723 0.0602411 0.0602411 1 1 0
0.178826 0.0596086 0.0596086 1 1 0
0.176928 0.0589762 0.0589762 1 1 0
0.175031 0.0583437 0.0583437 1 1 0
0.173134 0.0577113 0.0577113 1 1 0
0.171236 0.0570788 0.0570788 1 1 0
0.169339 0.0564463 0.0564463 1 1 0
0.167442 0.0558139 0.0558139 1 1 0
0.165544 0.0551814 0.0551814 1 1 0
0.163647 0.054549 0.054549 1 1 0
0.161749 0.0539165 0.0539165 1 1 0
0.159852 0.0532841 0.0532841 1 1 0
0.157955 0.0526516 0.0526516 1 1 0
0.156057 0.0520191 0.0520191 1 1 0
0.15416 0.0513867 0.0513867 1 1 0
0.152263 0.0507542 0.0507542 1 1 0
0.150365 0.0501218 0.0501218 1 1 0
0.148468 0.0494893 0.0494893 1 1 0
0.146571 0.0488569 0.0488569 1 1 0
0.144673 0.0482244 0.0482244 1 1 0
0.142776 0.0475919 0.0475919 1 1 0
0.140878 0.0469595 0.0469595 1 1 0
