1.5 0.548206 0.548206 2 1 0
1.4981 0.547773 0.547773 1 1 0
1.4962 0.547342 0.547342 1 1 0
1.4943 0.546913 0.546913 1 1 0
1.4924 0.546485 0.546485 1 1 0
1.4905 0.546058 0.546058 1 1 0
1.4886 0.545633 0.545633 1 1 0
1.4867 0.545209 0.545209 1 1 0
1.4848 0.544787 0.544787 1 1 0
1.4829 0.544367 0.544367 1 1 0
1.481 0.543948 0.543948 1 1 0
1.4791 0.54353 0.54353 1 1 0
1.4772 0.543114 0.543114 1 1 0
1.4753 0.5427 0.5427 1 1 0
1.4734 0.542287 0.542287 1 1 0
1.4715 0.541875 0.541875 1 1 0
1.4696 0.541465 0.541465 1 1 0
1.4677 0.541057 0.541057 1 1 0
1.4658 0.54065 0.54065 1 1 0
1.46389 0.540245 0.540245 1 1 0
1.46199 0.539841 0.539841 1 1 0
1.46009 0.539439 0.539439 1 1 0
1.45819 0.539038 0.539038 1 1 0
1.45629 0.538639 0.538639 1 1 0
1.45439 0.538241 0.538241 1 1 0
1.45248 0.537845 0.537845 1 1 0
1.45058 0.53745 0.53745 1 1 0
1.44868 0.537057 0.537057 1 1 0
1.44677 0.536666 0.536666 1 1 0
1.44487 0.536276 0.536276 1 1 0
1.44297 0.535887 0.535887 1 1 0
1.44107 0.5355 0.5355 1 1 0
1.43916 0.535115 0.535115 1 1 0
1.43726 0.534731 0.534731 1 1 0
1.43535 0.534349 0.534349 1 1 0
1.43345 0.533968 0.533968 1 1 0
1.43155 0.533589 0.533589 1 1 0
1.42964 0.533211 0.533211 1 1 0
1.42774 0.532835 0.532835 1 1 0
1.42583 0.53246 0.53246 1 1 0
1.42393 0.532087 0.532087 1 1 0
1.42202 0.531715 0.531715 1 1 0
1.42012 0.531345 0.531345 1 1 0
1.41821 0.530977 0.530977 1 1 0
1.4163 0.530609 0.530609 1 1 0
1.4144 0.530244 0.530244 1 1 0
1.41249 0.52988 0.52988 1 1 0
1.41058 0.529517 0.529517 1 1 0
1.40868 0.529156 0.529156 1 1 0
1.40677 0.528797 0.528797 1 1 0
1.40486 0.528438 0.528438 1 1 0
1.40296 0.528082 0.528082 1 1 0
1.40105 0.527727 0.527727 1 1 0
1.39914 0.527373 0.527373 1 1 0
1.39723 0.527021 0.527021 1 1 0
1.39532 0.526671 0.526671 1 1 0
1.39341 0.526322 0.526322 1 1 0
1.3915 0.525974 0.525974 1 1 0
1.3896 0.525628 0.525628 1 1 0
1.38769 0.525283 0.525283 1 1 0
1.38578 0.52494 0.52494 1 1 0
1.38387 0.524598 0.524598 1 1 0
1.38196 0.524258 0.524258 1 1 0
1.38005 0.523919 0.523919 1 1 0
1.37813 0.523582 0.523582 1 1 0
1.37622 0.523246 0.523246 1 1 0
1.37431 0.522912 0.522912 1 1 0
1.3724 0.522579 0.522579 1 1 0
1.37049 0.522247 0.522247 1 1 0
1.36858 0.521917 0.521917 1 1 0
1.36666 0.521589 0.521589 1 1 0
1.36475 0.521261 0.521261 1 1 0
1.36284 0.520936 0.520936 1 1 0
1.36093 0.520611 0.520611 1 1 0
1.35901 0.520288 0.520288 1 1 0
1.3571 0.519967 0.519967 1 1 0
1.35518 0.519647 0.519647 1 1 0
1.35327 0.519328 0.519328 1 1 0
1.35135 0.519011 0.519011 1 1 0
1.34944 0.518695 0.518695 1 1 0
1.34752 0.51838 0.51838 1 1 0
1.34561 0.518067 0.518067 1 1 0
1.34369 0.517755 0.517755 1 1 0
1.34178 0.517445 0.517445 1 1 0
1.33986 0.517136 0.517136 1 1 0
1.33794 0.516828 0.516828 1 1 0
1.33603 0.516522 0.516522 1 1 0
1.33411 0.516217 0.516217 1 1 0
1.33219 0.515913 0.515913 1 1 0
1.33027 0.515611 0.515611 1 1 0
1.32836 0.51531 0.51531 1 1 0
1.32644 0.515011 0.515011 1 1 0
1.32452 0.514712 0.514712 1 1 0
1.3226 0.514416 0.514416 1 1 0
1.32068 0.51412 0.51412 1 1 0
1.31876 0.513826 0.513826 1 1 0
1.31684 0.513533 0.513533 1 1 0
1.31492 0.513241 0.513241 1 1 0
1.313 0.512951 0.512951 1 1 0
1.31108 0.512662 0.512662 1 1 0
1.30916 0.512374 0.512374 1 1 0
1.30724 0.512087 0.512087 1 1 0
1.30532 0.511802 0.511802 1 1 0
1.30339 0.511518 0.511518 1 1 0
1.30147 0.511235 0.511235 1 1 0
1.29955 0.510954 0.510954 1 1 0
1.29763 0.510674 0.510674 1 1 0
1.2957 0.510395 0.510395 1 1 0
1.29378 0.510117 0.510117 1 1 0
1.29186 0.50984 0.50984 1 1 0
1.28993 0.509565 0.509565 1 1 0
1.28801 0.509291 0.509291 1 1 0
1.28608 0.509018 0.509018 1 1 0
1.28416 0.508747 0.508747 1 1 0
1.28223 0.508476 0.508476 1 1 0
1.28031 0.508207 0.508207 1 1 0
1.27838 0.507939 0.507939 1 1 0
1.27645 0.507672 0.507672 1 1 0
1.27453 0.507407 0.507407 1 1 0
1.2726 0.507142 0.507142 1 1 0
1.27067 0.506879 0.506879 1 1 0
1.26875 0.506617 0.506617 1 1 0
1.26682 0.506356 0.506356 1 1 0
1.26489 0.506096 0.506096 1 1 0
1.26296 0.505837 0.505837 1 1 0
1.26103 0.505579 0.505579 1 1 0
1.2591 0.505323 0.505323 1 1 0
1.25717 0.505068 0.505068 1 1 0
1.25524 0.504813 0.504813 1 1 0
1.25331 0.50456 0.50456 1 1 0
1.25138 0.504308 0.504308 1 1 0
1.24945 0.504057 0.504057 1 1 0
1.24752 0.503808 0.503808 1 1 0
1.24559 0.503559 0.503559 1 1 0
1.24366 0.503311 0.503311 1 1 0
1.24173 0.503065 0.503065 1 1 0
1.2398 0.502819 0.502819 1 1 0
1.23787 0.502575 0.502575 1 1 0
1.23593 0.502331 0.502331 1 1 0
1.234 0.502089 0.502089 1 1 0
1.23207 0.501848 0.501848 1 1 0
1.23013 0.501607 0.501607 1 1 0
1.2282 0.501368 0.501368 1 1 0
1.22627 0.50113 0.50113 1 1 0
1.22433 0.500893 0.500893 1 1 0
1.2224 0.500657 0.500657 1 1 0
1.22046 0.500422 0.500422 1 1 0
1.21853 0.500188 0.500188 1 1 0
1.21659 0.499954 0.499954 1 1 0
1.21466 0.499722 0.499722 1 1 0
1.21272 0.499491 0.499491 1 1 0
1.21078 0.499261 0.499261 1 1 0
1.20885 0.499032 0.499032 1 1 0
1.20691 0.498803 0.498803 1 1 0
1.20497 0.498576 0.498576 1 1 0
1.20304 0.49835 0.49835 1 1 0
1.2011 0.498124 0.498124 1 1 0
1.19916 0.4979 0.4979 1 1 0
1.19722 0.497676 0.497676 1 1 0
1.19528 0.497454 0.497454 1 1 0
1.19335 0.497232 0.497232 1 1 0
1.19141 0.497011 0.497011 1 1 0
1.18947 0.496792 0.496792 1 1 0
1.18753 0.496573 0.496573 1 1 0
1.18559 0.496355 0.496355 1 1 0
1.18365 0.496138 0.496138 1 1 0
1.18171 0.495921 0.495921 1 1 0
1.17977 0.495706 0.495706 1 1 0
1.17783 0.495492 0.495492 1 1 0
1.17589 0.495278 0.495278 1 1 0
1.17395 0.495065 0.495065 1 1 0
1.172 0.494854 0.494854 1 1 0
1.17006 0.494643 0.494643 1 1 0
1.16812 0.494432 0.494432 1 1 0
1.16618 0.494223 0.494223 1 1 0
1.16424 0.494015 0.494015 1 1 0
1.16229 0.493807 0.493807 1 1 0
1.16035 0.4936 0.4936 1 1 0
1.15841 0.493394 0.493394 1 1 0
1.15646 0.493189 0.493189 1 1 0
1.15452 0.492985 0.492985 1 1 0
1.15257 0.492781 0.492781 1 1 0
1.15063 0.492579 0.492579 1 1 0
1.14869 0.492377 0.492377 1 1 0
1.14674 0.492176 0.492176 1 1 0
1.1448 0.491975 0.491975 1 1 0
1.14285 0.491776 0.491776 1 1 0
1.14091 0.491577 0.491577 1 1 0
1.13896 0.491379 0.491379 1 1 0
1.13701 0.491182 0.491182 1 1 0
1.13507 0.490985 0.490985 1 1 0
1.13312 0.49079 0.49079 1 1 0
1.13118 0.490595 0.490595 1 1 0
1.12923 0.4904 0.4904 1 1 0
1.12728 0.490207 0.490207 1 1 0
1.12533 0.490014 0.490014 1 1 0
1.12339 0.489822 0.489822 1 1 0
1.12144 0.489631 0.489631 1 1 0
1.11949 0.48944 0.48944 1 1 0
1.11754 0.48925 0.48925 1 1 0
1.1156 0.489061 0.489061 1 1 0
1.11365 0.488873 0.488873 1 1 0
1.1117 0.488685 0.488685 1 1 0
1.10975 0.488498 0.488498 1 1 0
1.1078 0.488312 0.488312 1 1 0
1.10585 0.488126 0.488126 1 1 0
1.1039 0.487941 0.487941 1 1 0
1.10195 0.487757 0.487757 1 1 0
1.1 0.487573 0.487573 1 1 0
1.09805 0.48739 0.48739 1 1 0
1.0961 0.487208 0.487208 1 1 0
1.09415 0.487026 0.487026 1 1 0
1.0922 0.486846 0.486846 1 1 0
1.09025 0.486665 0.486665 1 1 0
1.0883 0.486486 0.486486 1 1 0
1.08635 0.486307 0.486307 1 1 0
1.08439 0.486128 0.486128 1 1 0
1.08244 0.48595 0.48595 1 1 0
1.08049 0.485773 0.485773 1 1 0
1.07854 0.485597 0.485597 1 1 0
1.07659 0.485421 0.485421 1 1 0
1.07463 0.485246 0.485246 1 1 0
1.07268 0.485071 0.485071 1 1 0
1.07073 0.484897 0.484897 1 1 0
1.06877 0.484723 0.484723 1 1 0
1.06682 0.484551 0.484551 1 1 0
1.06487 0.484378 0.484378 1 1 0
1.06291 0.484207 0.484207 1 1 0
1.06096 0.484036 0.484036 1 1 0
1.05901 0.483865 0.483865 1 1 0
1.05705 0.483695 0.483695 1 1 0
1.0551 0.483526 0.483526 1 1 0
1.05314 0.483357 0.483357 1 1 0
1.05119 0.483189 0.483189 1 1 0
1.04923 0.483021 0.483021 1 1 0
1.04728 0.482854 0.482854 1 1 0
1.04532 0.482688 0.482688 1 1 0
1.04337 0.482522 0.482522 1 1 0
1.04141 0.482356 0.482356 1 1 0
1.03946 0.482191 0.482191 1 1 0
1.0375 0.482027 0.482027 1 1 0
1.03555 0.481863 0.481863 1 1 0
1.03359 0.4817 0.4817 1 1 0
1.03163 0.481537 0.481537 1 1 0
1.02968 0.481375 0.481375 1 1 0
1.02772 0.481213 0.481213 1 1 0
1.02576 0.481052 0.481052 1 1 0
1.02381 0.480891 0.480891 1 1 0
1.02185 0.480731 0.480731 1 1 0
1.01989 0.480572 0.480572 1 1 0
1.01793 0.480412 0.480412 1 1 0
1.01598 0.480254 0.480254 1 1 0
1.01402 0.480096 0.480096 1 1 0
1.01206 0.479938 0.479938 1 1 0
1.0101 0.479781 0.479781 1 1 0
1.00814 0.479624 0.479624 1 1 0
1.00619 0.479468 0.479468 1 1 0
1.00423 0.479312 0.479312 1 1 0
1.00227 0.479157 0.479157 1 1 0
1.00031 0.479002 0.479002 1 1 0
0.998352 0.478847 0.478847 1 1 0
0.996393 0.478694 0.478694 1 1 0
0.994434 0.47854 0.47854 1 1 0
0.992475 0.478387 0.478387 1 1 0
0.990515 0.478235 0.478235 1 1 0
0.988556 0.478083 0.478083 1 1 0
0.986596 0.477931 0.477931 1 1 0
0.984636 0.47778 0.47778 1 1 0
0.982676 0.477629 0.477629 1 1 0
0.980716 0.477479 0.477479 1 1 0
0.978756 0.477329 0.477329 1 1 0
0.976795 0.477179 0.477179 1 1 0
0.974835 0.47703 0.47703 1 1 0
0.972874 0.476882 0.476882 1 1 0
0.970914 0.476734 0.476734 1 1 0
0.968953 0.476586 0.476586 1 1 0
0.966992 0.476438 0.476438 1 1 0
0.965031 0.476292 0.476292 1 1 0
0.963069 0.476145 0.476145 1 1 0
0.961108 0.475999 0.475999 1 1 0
0.959147 0.475853 0.475853 1 1 0
0.957185 0.475708 0.475708 1 1 0
0.955223 0.475563 0.475563 1 1 0
0.953262 0.475418 0.475418 1 1 0
0.9513 0.475274 0.475274 1 1 0
0.949338 0.475131 0.475131 1 1 0
0.947376 0.474987 0.474987 1 1 0
0.945413 0.474844 0.474844 1 1 0
0.943451 0.474702 0.474702 1 1 0
0.941488 0.474559 0.474559 1 1 0
0.939526 0.474418 0.474418 1 1 0
0.937563 0.474276 0.474276 1 1 0
0.9356 0.474135 0.474135 1 1 0
0.933637 0.473994 0.473994 1 1 0
0.931674 0.473854 0.473854 1 1 0
0.929711 0.473714 0.473714 1 1 0
0.927748 0.473574 0.473574 1 1 0
0.925785 0.473435 0.473435 1 1 0
0.923821 0.473296 0.473296 1 1 0
0.921858 0.473157 0.473157 1 1 0
0.919894 0.473019 0.473019 1 1 0
0.91793 0.472881 0.472881 1 1 0
0.915967 0.472744 0.472744 1 1 0
0.914003 0.472606 0.472606 1 1 0
0.912039 0.472469 0.472469 1 1 0
0.910075 0.472333 0.472333 1 1 0
0.90811 0.472197 0.472197 1 1 0
0.906146 0.472061 0.472061 1 1 0
0.904182 0.471925 0.471925 1 1 0
0.902217 0.47179 0.47179 1 1 0
0.900253 0.471655 0.471655 1 1 0
0.898288 0.47152 0.47152 1 1 0
0.896323 0.471386 0.471386 1 1 0
0.894358 0.471252 0.471252 1 1 0
0.892393 0.471118 0.471118 1 1 0
0.890428 0.470985 0.470985 1 1 0
0.888463 0.470852 0.470852 1 1 0
0.886498 0.470719 0.470719 1 1 0
0.884533 0.470587 0.470587 1 1 0
0.882567 0.470455 0.470455 1 1 0
0.880602 0.470323 0.470323 1 1 0
0.878637 0.470191 0.470191 1 1 0
0.876671 0.47006 0.47006 1 1 0
0.874705 0.469929 0.469929 1 1 0
0.87274 0.469798 0.469798 1 1 0
0.870774 0.469668 0.469668 1 1 0
0.868808 0.469538 0.469538 1 1 0
0.866842 0.469408 0.469408 1 1 0
0.864876 0.469278 0.469278 1 1 0
0.86291 0.469149 0.469149 1 1 0
0.860943 0.46902 0.46902 1 1 0
0.858977 0.468891 0.468891 1 1 0
0.857011 0.468763 0.468763 1 1 0
0.855044 0.468634 0.468634 1 1 0
0.853078 0.468506 0.468506 1 1 0
0.851111 0.468379 0.468379 1 1 0
0.849145 0.468251 0.468251 1 1 0
0.847178 0.468124 0.468124 1 1 0
0.845211 0.467997 0.467997 1 1 0
0.843244 0.46787 0.46787 1 1 0
0.841277 0.467744 0.467744 1 1 0
0.83931 0.467618 0.467618 1 1 0
0.837343 0.467492 0.467492 1 1 0
0.835376 0.467366 0.467366 1 1 0
0.833409 0.467241 0.467241 1 1 0
0.831442 0.467116 0.467116 1 1 0
0.829475 0.466991 0.466991 1 1 0
0.827507 0.466866 0.466866 1 1 0
0.82554 0.466742 0.466742 1 1 0
0.823572 0.466617 0.466617 1 1 0
0.821605 0.466493 0.466493 1 1 0
0.819637 0.46637 0.46637 1 1 0
0.81767 0.466246 0.466246 1 1 0
0.815702 0.466123 0.466123 1 1 0
0.813734 0.466 0.466 1 1 0
0.811767 0.465877 0.465877 1 1 0
0.809799 0.465754 0.465754 1 1 0
0.807831 0.465632 0.465632 1 1 0
0.805863 0.465509 0.465509 1 1 0
0.803895 0.465387 0.465387 1 1 0
0.801927 0.465265 0.465265 1 1 0
0.799959 0.465144 0.465144 1 1 0
0.79799 0.465022 0.465022 1 1 0
0.796022 0.464901 0.464901 1 1 0
0.794054 0.46478 0.46478 1 1 0
0.792086 0.46466 0.46466 1 1 0
0.790117 0.464539 0.464539 1 1 0
0.788149 0.464419 0.464419 1 1 0
0.786181 0.464298 0.464298 1 1 0
0.784212 0.464178 0.464178 1 1 0
0.782244 0.464059 0.464059 1 1 0
0.780275 0.463939 0.463939 1 1 0
0.778306 0.46382 0.46382 1 1 0
0.776338 0.4637 0.4637 1 1 0
0.774369 0.463581 0.463581 1 1 0
0.7724 0.463462 0.463462 1 1 0
0.770431 0.463344 0.463344 1 1 0
0.768463 0.463225 0.463225 1 1 0
0.766494 0.463107 0.463107 1 1 0
0.764525 0.462989 0.462989 1 1 0
0.762556 0.462871 0.462871 1 1 0
0.760587 0.462753 0.462753 1 1 0
0.758618 0.462635 0.462635 1 1 0
0.756649 0.462518 0.462518 1 1 0
0.75468 0.462401 0.462401 1 1 0
0.752711 0.462283 0.462283 1 1 0
0.750742 0.462166 0.462166 1 1 0
0.748772 0.46205 0.46205 1 1 0
0.746803 0.461933 0.461933 1 1 0
0.744834 0.461817 0.461817 1 1 0
0.742865 0.4617 0.4617 1 1 0
0.740896 0.461584 0.461584 1 1 0
0.738926 0.461468 0.461468 1 1 0
0.736957 0.461352 0.461352 1 1 0
0.734988 0.461236 0.461236 1 1 0
0.733018 0.461121 0.461121 1 1 0
0.731049 0.461005 0.461005 1 1 0
0.729079 0.46089 0.46089 1 1 0
0.72711 0.460775 0.460775 1 1 0
0.72514 0.46066 0.46066 1 1 0
0.723171 0.460545 0.460545 1 1 0
0.721201 0.46043 0.46043 1 1 0
0.719232 0.460316 0.460316 1 1 0
0.717262 0.460201 0.460201 1 1 0
0.715292 0.460087 0.460087 1 1 0
0.713323 0.459973 0.459973 1 1 0
0.711353 0.459859 0.459859 1 1 0
0.709384 0.459745 0.459745 1 1 0
0.707414 0.459631 0.459631 1 1 0
0.705444 0.459518 0.459518 1 1 0
0.703474 0.459404 0.459404 1 1 0
0.701505 0.459291 0.459291 1 1 0
0.699535 0.459177 0.459177 1 1 0
0.697565 0.459064 0.459064 1 1 0
0.695595 0.458951 0.458951 1 1 0
0.693626 0.458838 0.458838 1 1 0
0.691656 0.458725 0.458725 1 1 0
0.689686 0.458613 0.458613 1 1 0
0.687716 0.4585 0.4585 1 1 0
0.685746 0.458387 0.458387 1 1 0
0.683777 0.458275 0.458275 1 1 0
0.681807 0.458163 0.458163 1 1 0
0.679837 0.458051 0.458051 1 1 0
0.677867 0.457938 0.457938 1 1 0
0.675897 0.457826 0.457826 1 1 0
0.673927 0.457715 0.457715 1 1 0
0.671957 0.457603 0.457603 1 1 0
0.669988 0.457491 0.457491 1 1 0
0.668018 0.45738 0.45738 1 1 0
0.666048 0.457268 0.457268 1 1 0
0.664078 0.457157 0.457157 1 1 0
0.662108 0.457045 0.457045 1 1 0
0.660138 0.456934 0.456934 1 1 0
0.658168 0.456823 0.456823 1 1 0
0.656198 0.456712 0.456712 1 1 0
0.654229 0.456601 0.456601 1 1 0
0.652259 0.45649 0.45649 1 1 0
0.650289 0.456379 0.456379 1 1 0
0.648319 0.456268 0.456268 1 1 0
0.646349 0.456158 0.456158 1 1 0
0.644379 0.456047 0.456047 1 1 0
0.642409 0.455937 0.455937 1 1 0
0.640439 0.455826 0.455826 1 1 0
0.63847 0.455716 0.455716 1 1 0
0.6365 0.455606 0.455606 1 1 0
0.63453 0.455495 0.455495 1 1 0
0.63256 0.455385 0.455385 1 1 0
0.63059 0.455275 0.455275 1 1 0
0.62862 0.455165 0.455165 1 1 0
0.626651 0.455055 0.455055 1 1 0
0.624681 0.454945 0.454945 1 1 0
0.622711 0.454835 0.454835 1 1 0
0.620741 0.454725 0.454725 1 1 0
0.618772 0.454616 0.454616 1 1 0
0.616802 0.454506 0.454506 1 1 0
0.614832 0.454396 0.454396 1 1 0
0.612863 0.454287 0.454287 1 1 0
0.610893 0.454177 0.454177 1 1 0
0.608923 0.454068 0.454068 1 1 0
0.606954 0.453958 0.453958 1 1 0
0.604984 0.453849 0.453849 1 1 0
0.603014 0.453739 0.453739 1 1 0
0.601045 0.45363 0.45363 1 1 0
0.599075 0.453521 0.453521 1 1 0
0.597106 0.453412 0.453412 1 1 0
0.595136 0.453302 0.453302 1 1 0
0.593167 0.453193 0.453193 1 1 0
0.591197 0.453084 0.453084 1 1 0
0.589228 0.452975 0.452975 1 1 0
0.587259 0.452866 0.452866 1 1 0
0.585289 0.452757 0.452757 1 1 0
0.58332 0.452648 0.452648 1 1 0
0.581351 0.452539 0.452539 1 1 0
0.579381 0.45243 0.45243 1 1 0
0.577412 0.452321 0.452321 1 1 0
0.575443 0.452212 0.452212 1 1 0
0.573474 0.452103 0.452103 1 1 0
0.571505 0.451994 0.451994 1 1 0
0.569535 0.451885 0.451885 1 1 0
0.567566 0.451776 0.451776 1 1 0
0.565597 0.451667 0.451667 1 1 0
0.563628 0.451559 0.451559 1 1 0
0.561659 0.45145 0.45145 1 1 0
0.559691 0.451341 0.451341 1 1 0
0.557722 0.451232 0.451232 1 1 0
0.555753 0.451123 0.451123 1 1 0
0.553784 0.451014 0.451014 1 1 0
0.551815 0.450905 0.450905 1 1 0
0.549847 0.450797 0.450797 1 1 0
0.547878 0.450688 0.450688 1 1 0
0.545909 0.450579 0.450579 1 1 0
0.543941 0.45047 0.45047 1 1 0
0.541972 0.450361 0.450361 1 1 0
0.540004 0.450252 0.450252 1 1 0
0.538036 0.450143 0.450143 1 1 0
0.536067 0.450034 0.450034 1 1 0
0.534099 0.449926 0.449926 1 1 0
0.532131 0.449817 0.449817 1 1 0
0.530163 0.449708 0.449708 1 1 0
0.528194 0.449599 0.449599 1 1 0
0.526226 0.44949 0.44949 1 1 0
0.524258 0.449381 0.449381 1 1 0
0.52229 0.449272 0.449272 1 1 0
0.520322 0.449162 0.449162 1 1 0
0.518355 0.449053 0.449053 1 1 0
0.516387 0.448944 0.448944 1 1 0
0.514419 0.448835 0.448835 1 1 0
0.512452 0.448726 0.448726 1 1 0
0.510484 0.448617 0.448617 1 1 0
0.508516 0.448507 0.448507 1 1 0
0.506549 0.448398 0.448398 1 1 0
0.504582 0.448289 0.448289 1 1 0
0.502614 0.448179 0.448179 1 1 0
0.500647 0.44807 0.44807 1 1 0
0.49868 0.44796 0.44796 1 1 0
0.496713 0.447851 0.447851 1 1 0
0.494746 0.447741 0.447741 1 1 0
0.492779 0.447631 0.447631 1 1 0
0.490812 0.447521 0.447521 1 1 0
0.488845 0.447412 0.447412 1 1 0
0.486879 0.447302 0.447302 1 1 0
0.484912 0.447192 0.447192 1 1 0
0.482946 0.447082 0.447082 1 1 0
0.480979 0.446972 0.446972 1 1 0
0.479013 0.446862 0.446862 1 1 0
0.477047 0.446751 0.446751 1 1 0
0.475081 0.446641 0.446641 1 1 0
0.473114 0.446531 0.446531 1 1 0
0.471149 0.44642 0.44642 1 1 0
0.469183 0.44631 0.44631 1 1 0
0.467217 0.446199 0.446199 1 1 0
0.465251 0.446089 0.446089 1 1 0
0.463286 0.445978 0.445978 1 1 0
0.46132 0.445867 0.445867 1 1 0
0.459355 0.445756 0.445756 1 1 0
0.457389 0.445645 0.445645 1 1 0
0.455424 0.445534 0.445534 1 1 0
0.453459 0.445423 0.445423 1 1 0
0.451494 0.445311 0.445311 1 1 0
0.449529 0.4452 0.4452 1 1 0
0.447565 0.445088 0.445088 1 1 0
0.4456 0.444977 0.444977 1 1 0
0.443636 0.444865 0.444865 1 1 0
0.441671 0.444753 0.444753 1 1 0
0.439707 0.444641 0.444641 1 1 0
0.437743 0.444529 0.444529 1 1 0
0.435779 0.444417 0.444417 1 1 0
0.433815 0.444305 0.444305 1 1 0
0.431851 0.444192 0.444192 1 1 0
0.429887 0.44408 0.44408 1 1 0
0.427924 0.443967 0.443967 1 1 0
0.42596 0.443854 0.443854 1 1 0
0.423997 0.443741 0.443741 1 1 0
0.422034 0.443628 0.443628 1 1 0
0.420071 0.443515 0.443515 1 1 0
0.418108 0.443401 0.443401 1 1 0
0.416146 0.443288 0.443288 1 1 0
0.414183 0.443174 0.443174 1 1 0
0.412221 0.44306 0.44306 1 1 0
0.410258 0.442946 0.442946 1 1 0
0.408296 0.442832 0.442832 1 1 0
0.406334 0.442718 0.442718 1 1 0
0.404373 0.442603 0.442603 1 1 0
0.402411 0.442489 0.442489 1 1 0
0.400449 0.442374 0.442374 1 1 0
0.398488 0.442259 0.442259 1 1 0
0.396527 0.442144 0.442144 1 1 0
0.394566 0.442029 0.442029 1 1 0
0.392605 0.441913 0.441913 1 1 0
0.390645 0.441797 0.441797 1 1 0
0.388684 0.441682 0.441682 1 1 0
0.386724 0.441566 0.441566 1 1 0
0.384764 0.441449 0.441449 1 1 0
0.382804 0.441333 0.441333 1 1 0
0.380844 0.441216 0.441216 1 1 0
0.378885 0.4411 0.4411 1 1 0
0.376925 0.440982 0.440982 1 1 0
0.374966 0.440865 0.440865 1 1 0
0.373007 0.440748 0.440748 1 1 0
0.371048 0.44063 0.44063 1 1 0
0.36909 0.440512 0.440512 1 1 0
0.367132 0.440394 0.440394 1 1 0
0.365173 0.440276 0.440276 1 1 0
0.363216 0.440157 0.440157 1 1 0
0.361258 0.440039 0.440039 1 1 0
0.3593 0.43992 0.43992 1 1 0
0.357343 0.4398 0.4398 1 1 0
0.355386 0.439681 0.439681 1 1 0
0.353429 0.439561 0.439561 1 1 0
0.351473 0.439441 0.439441 1 1 0
0.349517 0.439321 0.439321 1 1 0
0.34756 0.4392 0.4392 1 1 0
0.345605 0.43908 0.43908 1 1 0
0.343649 0.438958 0.438958 1 1 0
0.341694 0.438837 0.438837 1 1 0
0.339739 0.438716 0.438716 1 1 0
0.337784 0.438594 0.438594 1 1 0
0.335829 0.438472 0.438472 1 1 0
0.333875 0.438349 0.438349 1 1 0
0.331921 0.438226 0.438226 1 1 0
0.329968 0.438103 0.438103 1 1 0
0.328014 0.43798 0.43798 1 1 0
0.326061 0.437856 0.437856 1 1 0
0.324108 0.437733 0.437733 1 1 0
0.322156 0.437608 0.437608 1 1 0
0.320204 0.437484 0.437484 1 1 0
0.318252 0.437359 0.437359 1 1 0
0.3163 0.437234 0.437234 1 1 0
0.314349 0.437108 0.437108 1 1 0
0.312398 0.436982 0.436982 1 1 0
0.310447 0.436856 0.436856 1 1 0
0.308497 0.436729 0.436729 1 1 0
0.306547 0.436602 0.436602 1 1 0
0.304598 0.436475 0.436475 1 1 0
0.302648 0.436347 0.436347 1 1 0
0.300699 0.436219 0.436219 1 1 0
0.298751 0.436091 0.436091 1 1 0
0.296803 0.435962 0.435962 1 1 0
0.294855 0.435833 0.435833 1 1 0
0.292908 0.435703 0.435703 1 1 0
0.290961 0.435573 0.435573 1 1 0
0.289014 0.435443 0.435443 1 1 0
0.287068 0.435312 0.435312 1 1 0
0.285122 0.435181 0.435181 1 1 0
0.283177 0.435049 0.435049 1 1 0
0.281232 0.434917 0.434917 1 1 0
0.279288 0.434784 0.434784 1 1 0
0.277344 0.434651 0.434651 1 1 0
0.2754 0.434518 0.434518 1 1 0
0.273457 0.434384 0.434384 1 1 0
0.271515 0.43425 0.43425 1 1 0
0.269573 0.434115 0.434115 1 1 0
0.267631 0.433979 0.433979 1 1 0
0.26569 0.433844 0.433844 1 1 0
0.263749 0.433707 0.433707 1 1 0
0.261809 0.43357 0.43357 1 1 0
0.25987 0.433433 0.433433 1 1 0
0.257931 0.433295 0.433295 1 1 0
0.255992 0.433157 0.433157 1 1 0
0.254054 0.433018 0.433018 1 1 0
0.252117 0.432878 0.432878 1 1 0
0.25018 0.432738 0.432738 1 1 0
0.248244 0.432598 0.432598 1 1 0
0.246308 0.432456 0.432456 1 1 0
0.244373 0.432315 0.432315 1 1 0
0.242439 0.432172 0.432172 1 1 0
0.240505 0.432029 0.432029 1 1 0
0.238572 0.431886 0.431886 1 1 0
0.23664 0.431742 0.431742 1 1 0
0.234708 0.431597 0.431597 1 1 0
0.232777 0.431451 0.431451 1 1 0
0.230847 0.431305 0.431305 1 1 0
0.228918 0.431158 0.431158 1 1 0
0.226989 0.431011 0.431011 1 1 0
0.225061 0.430863 0.430863 1 1 0
0.223134 0.430714 0.430714 1 1 0
0.221207 0.430564 0.430564 1 1 0
0.219282 0.430414 0.430414 1 1 0
0.217357 0.430263 0.430263 1 1 0
0.215433 0.430111 0.430111 1 1 0
0.21351 0.429959 0.429959 1 1 0
0.211588 0.429805 0.429805 1 1 0
0.209666 0.429651 0.429651 1 1 0
0.207746 0.429496 0.429496 1 1 0
0.205826 0.429341 0.429341 1 1 0
0.203908 0.429184 0.429184 1 1 0
0.201991 0.429027 0.429027 1 1 0
0.200074 0.428869 0.428869 1 1 0
0.198159 0.42871 0.42871 1 1 0
0.196244 0.42855 0.42855 1 1 0
0.194331 0.428389 0.428389 1 1 0
0.192419 0.428227 0.428227 1 1 0
0.190508 0.428064 0.428064 1 1 0
0.188598 0.4279 0.4279 1 1 0
0.18669 0.427736 0.427736 1 1 0
0.184782 0.42757 0.42757 1 1 0
0.182876 0.427403 0.427403 1 1 0
0.180971 0.427236 0.427236 1 1 0
0.179068 0.427067 0.427067 1 1 0
0.177166 0.426897 0.426897 1 1 0
0.175265 0.426726 0.426726 1 1 0
0.173366 0.426554 0.426554 1 1 0
0.171468 0.426381 0.426381 1 1 0
0.169572 0.426207 0.426207 1 1 0
0.167677 0.426031 0.426031 1 1 0
0.165784 0.425855 0.425855 1 1 0
0.163892 0.425677 0.425677 1 1 0
0.162003 0.425498 0.425498 1 1 0
0.160114 0.425317 0.425317 1 1 0
0.158228 0.425136 0.425136 1 1 0
0.156344 0.424953 0.424953 1 1 0
0.154461 0.424769 0.424769 1 1 0
0.15258 0.424583 0.424583 1 1 0
0.150702 0.424396 0.424396 1 1 0
0.148825 0.424207 0.424207 1 1 0
0.146951 0.424017 0.424017 1 1 0
0.145078 0.423826 0.423826 1 1 0
0.143208 0.423633 0.423633 1 1 0
0.141341 0.423438 0.423438 1 1 0
0.139475 0.423242 0.423242 1 1 0
0.137612 0.423045 0.423045 1 1 0
0.135752 0.422845 0.422845 1 1 0
0.133894 0.422644 0.422644 1 1 0
0.132039 0.422441 0.422441 1 1 0
0.130187 0.422237 0.422237 1 1 0
0.128338 0.422031 0.422031 1 1 0
0.126491 0.421822 0.421822 1 1 0
0.124648 0.421612 0.421612 1 1 0
0.122808 0.421401 0.421401 1 1 0
0.120971 0.421187 0.421187 1 1 0
0.119137 0.420971 0.420971 1 1 0
0.117307 0.420753 0.420753 1 1 0
0.115481 0.420533 0.420533 1 1 0
0.113658 0.42031 0.42031 1 1 0
0.111839 0.420086 0.420086 1 1 0
0.110024 0.419859 0.419859 1 1 0
0.108214 0.41963 0.41963 1 1 0
0.106407 0.419399 0.419399 1 1 0
0.104605 0.419165 0.419165 1 1 0
0.102808 0.418929 0.418929 1 1 0
0.101016 0.418691 0.418691 1 1 0
0.0992284 0.418449 0.418449 1 1 0
0.0974461 0.418206 0.418206 1 1 0
0.0956692 0.417959 0.417959 1 1 0
0.0938978 0.41771 0.41771 1 1 0
0.0921322 0.417457 0.417457 1 1 0
0.0903726 0.417202 0.417202 1 1 0
0.0886193 0.416944 0.416944 1 1 0
0.0868724 0.416683 0.416683 1 1 0
0.0851323 0.416419 0.416419 1 1 0
0.0833991 0.416152 0.416152 1 1 0
0.0816733 0.415881 0.415881 1 1 0
0.079955 0.415607 0.415607 1 1 0
0.0782446 0.41533 0.41533 1 1 0
0.0765425 0.415049 0.415049 1 1 0
0.0748488 0.414765 0.414765 1 1 0
0.073164 0.414477 0.414477 1 1 0
0.0714885 0.414185 0.414185 1 1 0
0.0698226 0.41389 0.41389 1 1 0
0.0681668 0.41359 0.41359 1 1 0
0.0665214 0.413287 0.413287 1 1 0
0.0648868 0.412979 0.412979 1 1 0
0.0632636 0.412668 0.412668 1 1 0
0.0616522 0.412352 0.412352 1 1 0
0.060053 0.412032 0.412032 1 1 0
0.0584666 0.411707 0.411707 1 1 0
0.0568935 0.411378 0.411378 1 1 0
0.0553342 0.411044 0.411044 1 1 0
0.0537894 0.410706 0.410706 1 1 0
0.0522595 0.410363 0.410363 1 1 0
0.0507451 0.410015 0.410015 1 1 0
0.0492469 0.409663 0.409663 1 1 0
0.0477655 0.409305 0.409305 1 1 0
0.0463015 0.408942 0.408942 1 1 0
0.0448556 0.408575 0.408575 1 1 0
0.0434284 0.408202 0.408202 1 1 0
0.0420206 0.407824 0.407824 1 1 0
0.0406329 0.407441 0.407441 1 1 0
0.0392658 0.407052 0.407052 1 1 0
0.0379202 0.406659 0.406659 1 1 0
0.0365967 0.40626 0.40626 1 1 0
0.0352958 0.405855 0.405855 1 1 0
0.0340184 0.405446 0.405446 1 1 0
0.0327649 0.405031 0.405031 1 1 0
0.0315361 0.404611 0.404611 1 1 0
0.0303325 0.404186 0.404186 1 1 0
0.0291546 0.403755 0.403755 1 1 0
0.0280031 0.40332 0.40332 1 1 0
0.0268783 0.402879 0.402879 1 1 0
0.0257807 0.402433 0.402433 1 1 0
0.0247108 0.401982 0.401982 1 1 0
0.0236688 0.401527 0.401527 1 1 0
0.022655 0.401067 0.401067 1 1 0
0.0216697 0.400602 0.400602 1 1 0
0.0207131 0.400133 0.400133 1 1 0
0.0197853 0.399659 0.399659 1 1 0
0.0188862 0.399181 0.399181 1 1 0
0.018016 0.398699 0.398699 1 1 0
0.0171745 0.398212 0.398212 1 1 0
0.0163616 0.397722 0.397722 1 1 0
0.0155771 0.397228 0.397228 1 1 0
0.0148208 0.396731 0.396731 1 1 0
0.0140922 0.39623 0.39623 1 1 0
0.0133912 0.395726 0.395726 1 1 0
0.0127172 0.395219 0.395219 1 1 0
0.0120698 0.394708 0.394708 1 1 0
0.0114485 0.394195 0.394195 1 1 0
0.0108527 0.393678 0.393678 1 1 0
0.010282 0.393159 0.393159 1 1 0
0.00973564 0.392638 0.392638 1 1 0
0.00921307 0.392113 0.392113 1 1 0
0.00871363 0.391587 0.391587 1 1 0
0.00823666 0.391058 0.391058 1 1 0
0.00778148 0.390527 0.390527 1 1 0
0.00734742 0.389993 0.389993 1 1 0
0.00693379 0.389458 0.389458 1 1 0
0.00653989 0.38892 0.38892 1 1 0
0.00616504 0.388381 0.388381 1 1 0
0.00580856 0.387839 0.387839 1 1 0
0.00546975 0.387296 0.387296 1 1 0
0.00514796 0.386751 0.386751 1 1 0
0.0048425 0.386204 0.386204 1 1 0
0.00455273 0.385655 0.385655 1 1 0
0.00427801 0.385104 0.385104 1 1 0
0.00401771 0.384552 0.384552 1 1 0
0.00377122 0.383997 0.383997 1 1 0
0.00353793 0.383441 0.383441 1 1 0
0.00331728 0.382884 0.382884 1 1 0
0.00310868 0.382324 0.382324 1 1 0
0.0029116 0.381763 0.381763 1 1 0
0.00272549 0.3812 0.3812 1 1 0
0.00254986 0.380635 0.380635 1 1 0
0.0023842 0.380068 0.380068 1 1 0
0.00222803 0.3795 0.3795 1 1 0
0.00208089 0.378929 0.378929 1 1 0
0.00194234 0.378357 0.378357 1 1 0
0.00181194 0.377783 0.377783 1 1 0
0.00168929 0.377207 0.377207 1 1 0
0.001574 0.376629 0.376629 1 1 0
0.00146568 0.376049 0.376049 1 1 0
0.00136396 0.375467 0.375467 1 1 0
0.00126851 0.374883 0.374883 1 1 0
0.00117899 0.374296 0.374296 1 1 0
0.00109508 0.373708 0.373708 1 1 0
0.00101647 0.373117 0.373117 1 1 0
0.00094288 0.372525 0.372525 1 1 0
0.000874026 0.371929 0.371929 1 1 0
0.000809644 0.371332 0.371332 1 1 0
0.000749482 0.370732 0.370732 1 1 0
0.000693299 0.37013 0.37013 1 1 0
0.000640865 0.369525 0.369525 1 1 0
0.000591963 0.368918 0.368918 1 1 0
0.000546386 0.368308 0.368308 1 1 0
0.000503936 0.367695 0.367695 1 1 0
0.000464425 0.36708 0.36708 1 1 0
0.000427677 0.366461 0.366461 1 1 0
0.000393522 0.36584 0.36584 1 1 0
0.0003618 0.365216 0.365216 1 1 0
0.00033236 0.36459 0.36459 1 1 0
0.000305058 0.36396 0.36396 1 1 0
0.000279758 0.363326 0.363326 1 1 0
0.000256332 0.36269 0.36269 1 1 0
0.000234658 0.36205 0.36205 1 1 0
0.000214621 0.361408 0.361408 1 1 0
0.000196113 0.360761 0.360761 1 1 0
0.000179032 0.360111 0.360111 1 1 0
0.000163281 0.359458 0.359458 1 1 0
0.00014877 0.358801 0.358801 1 1 0
0.000135412 0.35814 0.35814 1 1 0
0.000123127 0.357475 0.357475 1 1 0
0.00011184 0.356806 0.356806 1 1 0
0.000101479 0.356133 0.356133 1 1 0
9.19778e-05 0.355456 0.355456 1 1 0
8.32733e-05 0.354775 0.354775 1 1 0
7.5307e-05 0.35409 0.35409 1 1 0
6.80238e-05 0.3534 0.3534 1 1 0
6.1372e-05 0.352705 0.352705 1 1 0
5.53036e-05 0.352006 0.352006 1 1 0
4.97735e-05 0.351302 0.351302 1 1 0
4.47396e-05 0.350593 0.350593 1 1 0
4.01628e-05 0.34988 0.34988 1 1 0
3.60063e-05 0.349161 0.349161 1 1 0
3.22363e-05 0.348437 0.348437 1 1 0
2.8821e-05 0.347707 0.347707 1 1 0
2.57309e-05 0.346972 0.346972 1 1 0
2.29388e-05 0.346231 0.346231 1 1 0
2.04192e-05 0.345485 0.345485 1 1 0
1.81486e-05 0.344732 0.344732 1 1 0
1.61054e-05 0.343974 0.343974 1 1 0
1.42693e-05 0.343209 0.343209 1 1 0
1.26219e-05 0.342438 0.342438 1 1 0
1.11458e-05 0.34166 0.34166 1 1 0
9.82548e-06 0.340876 0.340876 1 1 0
8.64624e-06 0.340084 0.340084 1 1 0
7.59474e-06 0.339286 0.339286 1 1 0
6.65872e-06 0.33848 0.33848 1 1 0
5.82693e-06 0.337667 0.337667 1 1 0
5.08906e-06 0.336846 0.336846 1 1 0
4.43569e-06 0.336018 0.336018 1 1 0
3.85824e-06 0.335181 0.335181 1 1 0
3.34884e-06 0.334336 0.334336 1 1 0
2.90038e-06 0.333483 0.333483 1 1 0
2.50635e-06 0.332621 0.332621 1 1 0
2.16087e-06 0.33175 0.33175 1 1 0
1.85861e-06 0.33087 0.33087 1 1 0
1.59475e-06 0.32998 0.32998 1 1 0
1.36493e-06 0.329081 0.329081 1 1 0
1.16522e-06 0.328171 0.328171 1 1 0
9.92109e-07 0.327252 0.327252 1 1 0
8.42416e-07 0.326322 0.326322 1 1 0
7.13306e-07 0.325381 0.325381 1 1 0
6.02243e-07 0.32443 0.32443 1 1 0
5.06965e-07 0.323467 0.323467 1 1 0
4.25456e-07 0.322492 0.322492 1 1 0
3.55929e-07 0.321505 0.321505 1 1 0
2.96799e-07 0.320506 0.320506 1 1 0
2.46667e-07 0.319494 0.319494 1 1 0
2.04297e-07 0.31847 0.31847 1 1 0
1.68606e-07 0.317432 0.317432 1 1 0
1.38642e-07 0.31638 0.31638 1 1 0
1.13575e-07 0.315315 0.315315 1 1 0
9.26797e-08 0.314234 0.314234 1 1 0
7.53267e-08 0.313139 0.313139 1 1 0
6.0971e-08 0.312029 0.312029 1 1 0
4.91421e-08 0.310904 0.310904 1 1 0
3.94352e-08 0.309762 0.309762 1 1 0
3.15035e-08 0.308604 0.308604 1 1 0
2.50506e-08 0.307429 0.307429 1 1 0
1.98245e-08 0.306237 0.306237 1 1 0
1.56117e-08 0.305028 0.305028 1 1 0
1.22321e-08 0.303801 0.303801 1 1 0
9.53439e-09 0.302555 0.302555 1 1 0
7.39198e-09 0.301291 0.301291 1 1 0
5.69955e-09 0.300007 0.300007 1 1 0
4.36986e-09 0.298704 0.298704 1 1 0
3.33103e-09 0.297381 0.297381 1 1 0
2.52411e-09 0.296039 0.296039 1 1 0
1.90105e-09 0.294675 0.294675 1 1 0
1.42289e-09 0.293291 0.293291 1 1 0
1.05822e-09 0.291886 0.291886 1 1 0
7.81903e-10 0.29046 0.29046 1 1 0
5.73906e-10 0.289013 0.289013 1 1 0
4.18392e-10 0.287544 0.287544 1 1 0
3.02921e-10 0.286053 0.286053 1 1 0
2.17784e-10 0.284541 0.284541 1 1 0
1.55464e-10 0.283007 0.283007 1 1 0
1.10178e-10 0.281451 0.281451 1 1 0
7.75159e-11 0.279874 0.279874 1 1 0
5.4135e-11 0.278275 0.278275 1 1 0
3.7526e-11 0.276656 0.276656 1 1 0
2.58185e-11 0.275015 0.275015 1 1 0
1.76302e-11 0.273355 0.273355 1 1 0
1.19482e-11 0.271674 0.271674 1 1 0
8.03636e-12 0.269973 0.269973 1 1 0
5.36451e-12 0.268253 0.268253 1 1 0
3.55402e-12 0.266515 0.266515 1 1 0
2.33691e-12 0.264759 0.264759 1 1 0
1.52515e-12 0.262985 0.262985 1 1 0
9.87991e-13 0.261196 0.261196 1 1 0
6.35312e-13 0.25939 0.25939 1 1 0
4.0555e-13 0.257569 0.257569 1 1 0
2.57014e-13 0.255734 0.255734 1 1 0
1.61717e-13 0.253885 0.253885 1 1 0
1.01037e-13 0.252024 0.252024 1 1 0
6.2685e-14 0.250151 0.250151 1 1 0
3.86227e-14 0.248266 0.248266 1 1 0
2.36349e-14 0.246371 0.246371 1 1 0
1.43659e-14 0.244467 0.244467 1 1 0
8.67389e-15 0.242553 0.242553 1 1 0
5.20269e-15 0.240631 0.240631 1 1 0
3.10032e-15 0.238702 0.238702 1 1 0
1.83559e-15 0.236765 0.236765 1 1 0
1.07984e-15 0.234822 0.234822 1 1 0
6.31217e-16 0.232873 0.232873 1 1 0
3.66651e-16 0.230919 0.230919 1 1 0
2.11639e-16 0.228959 0.228959 1 1 0
1.21399e-16 0.226996 0.226996 1 1 0
6.92026e-17 0.225028 0.225028 1 1 0
3.92029e-17 0.223057 0.223057 1 1 0
2.207e-17 0.221083 0.221083 1 1 0
1.23473e-17 0.219105 0.219105 1 1 0
6.86463e-18 0.217125 0.217125 1 1 0
3.79251e-18 0.215143 0.215143 1 1 0
2.08203e-18 0.213158 0.213158 1 1 0
1.13574e-18 0.211172 0.211172 1 1 0
6.15568e-19 0.209184 0.209184 1 1 0
3.31481e-19 0.207195 0.207195 1 1 0
1.77334e-19 0.205204 0.205204 1 1 0
9.42457e-20 0.203212 0.203212 1 1 0
4.975e-20 0.201219 0.201219 1 1 0
2.6086e-20 0.199225 0.199225 1 1 0
1.3579e-20 0.197231 0.197231 1 1 0
7.02773e-21 0.195235 0.195235 1 1 0
3.59989e-21 0.193239 0.193239 1 1 0
1.83965e-21 0.191243 0.191243 1 1 0
9.26442e-22 0.189246 0.189246 1 1 0
4.63221e-22 0.187248 0.187248 1 1 0
2.38228e-22 0.185251 0.185251 1 1 0
1.19114e-22 0.183253 0.183253 1 1 0
5.29396e-23 0.181254 0.181254 1 1 0
2.64698e-23 0.179256 0.179256 1 1 0
1.32349e-23 0.177257 0.177257 1 1 0
0 0.175258 0.175258 1 1 0
0 0.173259 0.173259 1 1 0
0 0.17126 0.17126 1 1 0
0 0.16926 0.16926 1 1 0
0 0.167261 0.167261 1 1 0
0 0.165261 0.165261 1 1 0
0 0.163262 0.163262 1 1 0
0 0.161262 0.161262 1 1 0
0 0.159262 0.159262 1 1 0
0 0.157263 0.157263 1 1 0
0 0.155263 0.155263 1 1 0
0 0.153263 0.153263 1 1 0
0 0.151263 0.151263 1 1 0
0 0.149263 0.149263 1 1 0
0 0.147263 0.147263 1 1 0
0 0.145263 0.145263 1 1 0
0 0.143263 0.143263 1 1 0
0 0.141263 0.141263 1 1 0
5.22259e-30 0.141263 0.141263 2 1 0
0 0.139263 0.139263 1 1 0
0 0.137263 0.137263 1 1 0
0 0.135264 0.135264 1 1 0
0 0.133264 0.133264 1 1 0
0 0.131264 0.131264 1 1 0
0 0.129264 0.129264 1 1 0
0 0.127264 0.127264 1 1 0
0 0.125264 0.125264 1 1 0
0 0.123264 0.123264 1 1 0
0 0.121264 0.121264 1 1 0
0 0.119264 0.119264 1 1 0
0 0.117264 0.117264 1 1 0
0 0.115264 0.115264 1 1 0
0 0.113264 0.113264 1 1 0
0 0.111264 0.111264 1 1 0
0 0.109264 0.109264 1 1 0
0 0.107264 0.107264 1 1 0
0 0.105264 0.105264 1 1 0
0 0.103264 0.103264 1 1 0
0 0.101264 0.101264 1 1 0
0 0.0992636 0.0992636 1 1 0
0 0.0972636 0.0972636 1 1 0
0 0.0952636 0.0952636 1 1 0
0 0.0932636 0.0932636 1 1 0
0 0.0912636 0.0912636 1 1 0
0 0.0892636 0.0892636 1 1 0
0 0.0872636 0.0872636 1 1 0
0 0.0852636 0.0852636 1 1 0
0 0.0832636 0.0832636 1 1 0
0 0.0812636 0.0812636 1 1 0
0 0.0792636 0.0792636 1 1 0
0 0.0772636 0.0772636 1 1 0
0 0.0752636 0.0752636 1 1 0
0 0.0732636 0.0732636 1 1 0
0 0.0712636 0.0712636 1 1 0
0 0.0692636 0.0692636 1 1 0
0 0.0672636 0.0672636 1 1 0
0 0.0652636 0.0652636 1 1 0
0 0.0632636 0.0632636 1 1 0
0 0.0612636 0.0612636 1 1 0
0 0.0592636 0.0592636 1 1 0
0 0.0572636 0.0572636 1 1 0
0 0.0552636 0.0552636 1 1 0
0 0.0532636 0.0532636 1 1 0
0 0.0512636 0.0512636 1 1 0
0 0.0492636 0.0492636 1 1 0
0 0.0472636 0.0472636 1 1 0
0 0.0452636 0.0452636 1 1 0
0 0.0432636 0.0432636 1 1 0
0 0.0412636 0.0412636 1 1 0
0 0.0392636 0.0392636 1 1 0
0 0.0372636 0.0372636 1 1 0
0 0.0352636 0.0352636 1 1 0
0 0.0332636 0.0332636 1 1 0
0 0.0312636 0.0312636 1 1 0
0 0.0292636 0.0292636 1 1 0
0 0.0272636 0.0272636 1 1 0
0 0.0252636 0.0252636 1 1 0
0 0.0232636 0.0232636 1 1 0
0 0.0212636 0.0212636 1 1 0
0 0.0192636 0.0192636 1 1 0
0 0.0172636 0.0172636 1 1 0
0 0.0152636 0.0152636 1 1 0
0 0.0132636 0.0132636 1 1 0
0 0.0112636 0.0112636 1 1 0
0 0.00926361 0.00926361 1 1 0
0 0.00726361 0.00726361 1 1 0
0 0.00526361 0.00526361 1 1 0
0 0.00326361 0.00326361 1 1 0
0 0.00126361 0.00126361 1 1 0
0 -0.000736387 -0.000736387 1 1 0
0 -0.00273639 -0.00273639 1 1 0
0 -0.00473639 -0.00473639 1 1 0
0 -0.00673639 -0.00673639 1 1 0
0 -0.00873639 -0.00873639 1 1 0
0 -0.0107364 -0.0107364 1 1 0
0 -0.0127364 -0.0127364 1 1 0
0 -0.0147364 -0.0147364 1 1 0
0 -0.0167364 -0.0167364 1 1 0
0 -0.0187364 -0.0187364 1 1 0
0 -0.0207364 -0.0207364 1 1 0
0 -0.0227364 -0.0227364 1 1 0
0 -0.0247364 -0.0247364 1 1 0
0 -0.0267364 -0.0267364 1 1 0
0 -0.0287364 -0.0287364 1 1 0
0 -0.0307364 -0.0307364 1 1 0
0 -0.0327364 -0.0327364 1 1 0
0 -0.0347364 -0.0347364 1 1 0
0 -0.0367364 -0.0367364 1 1 0
0 -0.0387364 -0.0387364 1 1 0
0 -0.0407364 -0.0407364 1 1 0
0 -0.0427364 -0.0427364 1 1 0
0 -0.0447364 -0.0447364 1 1 0
0 -0.0467364 -0.0467364 1 1 0
0 -0.0487364 -0.0487364 1 1 0
0 -0.0507364 -0.0507364 1 1 0
0 -0.0527364 -0.0527364 1 1 0
0 -0.0547364 -0.0547364 1 1 0
0 -0.0567364 -0.0567364 1 1 0
0 -0.0587364 -0.0587364 1 1 0
0 -0.0607364 -0.0607364 1 1 0
0 -0.0627364 -0.0627364 1 1 0
0 -0.0647364 -0.0647364 1 1 0
0 -0.0667364 -0.0667364 1 1 0
0 -0.0687364 -0.0687364 1 1 0
0 -0.0707364 -0.0707364 1 1 0
0 -0.0727364 -0.0727364 1 1 0
0 -0.0747364 -0.0747364 1 1 0
0 -0.0767364 -0.0767364 1 1 0
0 -0.0787364 -0.0787364 1 1 0
0 -0.0807364 -0.0807364 1 1 0
0 -0.0827364 -0.0827364 1 1 0
0 -0.0847364 -0.0847364 1 1 0
0 -0.0867364 -0.0867364 1 1 0
0 -0.0887364 -0.0887364 1 1 0
0 -0.0907364 -0.0907364 1 1 0
0 -0.0927364 -0.0927364 1 1 0
0 -0.0947364 -0.0947364 1 1 0
0 -0.0967364 -0.0967364 1 1 0
0 -0.0987364 -0.0987364 1 1 0
0 -0.100736 -0.100736 1 1 0
0 -0.102736 -0.102736 1 1 0
0 -0.104736 -0.104736 1 1 0
0 -0.106736 -0.106736 1 1 0
0 -0.108736 -0.108736 1 1 0
0 -0.110736 -0.110736 1 1 0
0 -0.112736 -0.112736 1 1 0
0 -0.114736 -0.114736 1 1 0
0 -0.116736 -0.116736 1 1 0
0 -0.118736 -0.118736 1 1 0
0 -0.120736 -0.120736 1 1 0
0 -0.122736 -0.122736 1 1 0
0 -0.124736 -0.124736 1 1 0
0 -0.126736 -0.126736 1 1 0
0 -0.128736 -0.128736 1 1 0
0 -0.130736 -0.130736 1 1 0
0 -0.132736 -0.132736 1 1 0
0 -0.134736 -0.134736 1 1 0
0 -0.136736 -0.136736 1 1 0
0 -0.138736 -0.138736 1 1 0
0 -0.140736 -0.140736 1 1 0
0 -0.142736 -0.142736 1 1 0
0 -0.144736 -0.144736 1 1 0
0 -0.146736 -0.146736 1 1 0
0 -0.148736 -0.148736 1 1 0
0 -0.150736 -0.150736 1 1 0
0 -0.152736 -0.152736 1 1 0
0 -0.154736 -0.154736 1 1 0
0 -0.156735 -0.156735 1 1 0
0 -0.158735 -0.158735 1 1 0
0 -0.160735 -0.160735 1 1 0
0 -0.162735 -0.162735 1 1 0
0 -0.164734 -0.164734 1 1 0
0 -0.166734 -0.166734 1 1 0
0 -0.168733 -0.168733 1 1 0
0 -0.170733 -0.170733 1 1 0
0 -0.172732 -0.172732 1 1 0
0 -0.174731 -0.174731 1 1 0
-1.32349e-23 -0.17673 -0.17673 1 1 0
-2.64698e-23 -0.178729 -0.178729 1 1 0
-5.29396e-23 -0.180727 -0.180727 1 1 0
-9.26442e-23 -0.182726 -0.182726 1 1 0
-1.98523e-22 -0.184724 -0.184724 1 1 0
-3.83812e-22 -0.186722 -0.186722 1 1 0
-7.80858e-22 -0.188719 -0.188719 1 1 0
-1.53525e-21 -0.190716 -0.190716 1 1 0
-3.01755e-21 -0.192713 -0.192713 1 1 0
-5.90276e-21 -0.194709 -0.194709 1 1 0
-1.14217e-20 -0.196705 -0.196705 1 1 0
-2.19832e-20 -0.1987 -0.1987 1 1 0
-4.19943e-20 -0.200694 -0.200694 1 1 0
-7.97005e-20 -0.202687 -0.202687 1 1 0
-1.50242e-19 -0.204679 -0.204679 1 1 0
-2.81308e-19 -0.20667 -0.20667 1 1 0
-5.23294e-19 -0.20866 -0.20866 1 1 0
-9.67113e-19 -0.210648 -0.210648 1 1 0
-1.7759e-18 -0.212635 -0.212635 1 1 0
-3.24027e-18 -0.21462 -0.21462 1 1 0
-5.87477e-18 -0.216603 -0.216603 1 1 0
-1.05843e-17 -0.218583 -0.218583 1 1 0
-1.89498e-17 -0.220561 -0.220561 1 1 0
-3.37157e-17 -0.222537 -0.222537 1 1 0
-5.96138e-17 -0.224509 -0.224509 1 1 0
-1.04749e-16 -0.226477 -0.226477 1 1 0
-1.82912e-16 -0.228442 -0.228442 1 1 0
-3.17405e-16 -0.230402 -0.230402 1 1 0
-5.47341e-16 -0.232358 -0.232358 1 1 0
-9.37907e-16 -0.234308 -0.234308 1 1 0
-1.59699e-15 -0.236253 -0.236253 1 1 0
-2.70189e-15 -0.238192 -0.238192 1 1 0
-4.54181e-15 -0.240123 -0.240123 1 1 0
-7.58511e-15 -0.242047 -0.242047 1 1 0
-1.25845e-14 -0.243963 -0.243963 1 1 0
-2.07407e-14 -0.24587 -0.24587 1 1 0
-3.39535e-14 -0.247768 -0.247768 1 1 0
-5.52063e-14 -0.249655 -0.249655 1 1 0
-8.91454e-14 -0.251531 -0.251531 1 1 0
-1.42948e-13 -0.253396 -0.253396 1 1 0
-2.2761e-13 -0.255248 -0.255248 1 1 0
-3.59833e-13 -0.257086 -0.257086 1 1 0
-5.64775e-13 -0.258911 -0.258911 1 1 0
-8.79996e-13 -0.260721 -0.260721 1 1 0
-1.36109e-12 -0.262515 -0.262515 1 1 0
-2.08964e-12 -0.264293 -0.264293 1 1 0
-3.18425e-12 -0.266053 -0.266053 1 1 0
-4.81593e-12 -0.267796 -0.267796 1 1 0
-7.22895e-12 -0.269521 -0.269521 1 1 0
-1.07693e-11 -0.271227 -0.271227 1 1 0
-1.59224e-11 -0.272913 -0.272913 1 1 0
-2.3364e-11 -0.274579 -0.274579 1 1 0
-3.4026e-11 -0.276225 -0.276225 1 1 0
-4.91829e-11 -0.27785 -0.27785 1 1 0
-7.0563e-11 -0.279454 -0.279454 1 1 0
-1.00491e-10 -0.281037 -0.281037 1 1 0
-1.42067e-10 -0.282599 -0.282599 1 1 0
-1.99395e-10 -0.284138 -0.284138 1 1 0
-2.77862e-10 -0.285656 -0.285656 1 1 0
-3.8449e-10 -0.287153 -0.287153 1 1 0
-5.28358e-10 -0.288627 -0.288627 1 1 0
-7.21128e-10 -0.290081 -0.290081 1 1 0
-9.77672e-10 -0.291512 -0.291512 1 1 0
-1.31682e-09 -0.292923 -0.292923 1 1 0
-1.76229e-09 -0.294312 -0.294312 1 1 0
-2.34369e-09 -0.295681 -0.295681 1 1 0
-3.09787e-09 -0.297029 -0.297029 1 1 0
-4.07031e-09 -0.298357 -0.298357 1 1 0
-5.31689e-09 -0.299665 -0.299665 1 1 0
-6.90588e-09 -0.300954 -0.300954 1 1 0
-8.92021e-09 -0.302223 -0.302223 1 1 0
-1.14602e-08 -0.303474 -0.303474 1 1 0
-1.46464e-08 -0.304706 -0.304706 1 1 0
-1.86232e-08 -0.30592 -0.30592 1 1 0
-2.35629e-08 -0.307117 -0.307117 1 1 0
-2.96695e-08 -0.308296 -0.308296 1 1 0
-3.71846e-08 -0.309458 -0.309458 1 1 0
-4.63919e-08 -0.310604 -0.310604 1 1 0
-5.76246e-08 -0.311734 -0.311734 1 1 0
-7.12713e-08 -0.312848 -0.312848 1 1 0
-8.77844e-08 -0.313947 -0.313947 1 1 0
-1.07688e-07 -0.315031 -0.315031 1 1 0
-1.3159e-07 -0.316101 -0.316101 1 1 0
-1.60186e-07 -0.317156 -0.317156 1 1 0
-1.9428e-07 -0.318198 -0.318198 1 1 0
-2.3479e-07 -0.319226 -0.319226 1 1 0
-2.82762e-07 -0.320241 -0.320241 1 1 0
-3.39391e-07 -0.321243 -0.321243 1 1 0
-4.06032e-07 -0.322233 -0.322233 1 1 0
-4.84217e-07 -0.323211 -0.323211 1 1 0
-5.75679e-07 -0.324177 -0.324177 1 1 0
-6.82372e-07 -0.325132 -0.325132 1 1 0
-8.06489e-07 -0.326075 -0.326075 1 1 0
-9.50494e-07 -0.327008 -0.327008 1 1 0
-1.11714e-06 -0.32793 -0.32793 1 1 0
-1.30951e-06 -0.328842 -0.328842 1 1 0
-1.53103e-06 -0.329744 -0.329744 1 1 0
-1.78551e-06 -0.330636 -0.330636 1 1 0
-2.0772e-06 -0.331519 -0.331519 1 1 0
-2.41079e-06 -0.332392 -0.332392 1 1 0
-2.79147e-06 -0.333256 -0.333256 1 1 0
-3.22498e-06 -0.334112 -0.334112 1 1 0
-3.71765e-06 -0.334959 -0.334959 1 1 0
-4.27643e-06 -0.335798 -0.335798 1 1 0
-4.90898e-06 -0.336629 -0.336629 1 1 0
-5.62369e-06 -0.337451 -0.337451 1 1 0
-6.42976e-06 -0.338267 -0.338267 1 1 0
-7.33725e-06 -0.339074 -0.339074 1 1 0
-8.35716e-06 -0.339875 -0.339875 1 1 0
-9.50148e-06 -0.340668 -0.340668 1 1 0
-1.07833e-05 -0.341454 -0.341454 1 1 0
-1.22168e-05 -0.342233 -0.342233 1 1 0
-1.38174e-05 -0.343006 -0.343006 1 1 0
-1.5602e-05 -0.343773 -0.343773 1 1 0
-1.75888e-05 -0.344533 -0.344533 1 1 0
-1.97974e-05 -0.345287 -0.345287 1 1 0
-2.22491e-05 -0.346035 -0.346035 1 1 0
-2.4967e-05 -0.346777 -0.346777 1 1 0
-2.7976e-05 -0.347514 -0.347514 1 1 0
-3.13028e-05 -0.348245 -0.348245 1 1 0
-3.49763e-05 -0.34897 -0.34897 1 1 0
-3.90277e-05 -0.349691 -0.349691 1 1 0
-4.34903e-05 -0.350406 -0.350406 1 1 0
-4.84e-05 -0.351116 -0.351116 1 1 0
-5.37953e-05 -0.351821 -0.351821 1 1 0
-5.97176e-05 -0.352521 -0.352521 1 1 0
-6.6211e-05 -0.353217 -0.353217 1 1 0
-7.33229e-05 -0.353908 -0.353908 1 1 0
-8.1104e-05 -0.354595 -0.354595 1 1 0
-8.96083e-05 -0.355277 -0.355277 1 1 0
-9.88936e-05 -0.355955 -0.355955 1 1 0
-0.000109022 -0.356629 -0.356629 1 1 0
-0.000120058 -0.357299 -0.357299 1 1 0
-0.000132072 -0.357965 -0.357965 1 1 0
-0.00014514 -0.358627 -0.358627 1 1 0
-0.000159339 -0.359285 -0.359285 1 1 0
-0.000174755 -0.359939 -0.359939 1 1 0
-0.000191476 -0.36059 -0.36059 1 1 0
-0.000209598 -0.361237 -0.361237 1 1 0
-0.000229221 -0.361881 -0.361881 1 1 0
-0.000250453 -0.362522 -0.362522 1 1 0
-0.000273406 -0.363159 -0.363159 1 1 0
-0.000298199 -0.363793 -0.363793 1 1 0
-0.00032496 -0.364424 -0.364424 1 1 0
-0.000353823 -0.365052 -0.365052 1 1 0
-0.000384929 -0.365676 -0.365676 1 1 0
-0.000418428 -0.366298 -0.366298 1 1 0
-0.000454477 -0.366917 -0.366917 1 1 0
-0.000493242 -0.367533 -0.367533 1 1 0
-0.0005349 -0.368146 -0.368146 1 1 0
-0.000579634 -0.368757 -0.368757 1 1 0
-0.00062764 -0.369365 -0.369365 1 1 0
-0.000679122 -0.369971 -0.369971 1 1 0
-0.000734294 -0.370574 -0.370574 1 1 0
-0.000793385 -0.371174 -0.371174 1 1 0
-0.00085663 -0.371772 -0.371772 1 1 0
-0.00092428 -0.372368 -0.372368 1 1 0
-0.000996596 -0.372961 -0.372961 1 1 0
-0.00107385 -0.373552 -0.373552 1 1 0
-0.00115634 -0.374141 -0.374141 1 1 0
-0.00124435 -0.374728 -0.374728 1 1 0
-0.00133821 -0.375313 -0.375313 1 1 0
-0.00143823 -0.375896 -0.375896 1 1 0
-0.00154478 -0.376476 -0.376476 1 1 0
-0.0016582 -0.377055 -0.377055 1 1 0
-0.00177887 -0.377631 -0.377631 1 1 0
-0.00190719 -0.378206 -0.378206 1 1 0
-0.00204355 -0.378779 -0.378779 1 1 0
-0.00218838 -0.379349 -0.379349 1 1 0
-0.00234213 -0.379918 -0.379918 1 1 0
-0.00250524 -0.380486 -0.380486 1 1 0
-0.0026782 -0.381051 -0.381051 1 1 0
-0.00286149 -0.381614 -0.381614 1 1 0
-0.00305563 -0.382176 -0.382176 1 1 0
-0.00326114 -0.382736 -0.382736 1 1 0
-0.00347856 -0.383294 -0.383294 1 1 0
-0.00370846 -0.383851 -0.383851 1 1 0
-0.00395141 -0.384406 -0.384406 1 1 0
-0.00420801 -0.384959 -0.384959 1 1 0
-0.00447887 -0.38551 -0.38551 1 1 0
-0.00476461 -0.386059 -0.386059 1 1 0
-0.00506586 -0.386607 -0.386607 1 1 0
-0.00538329 -0.387152 -0.387152 1 1 0
-0.00571754 -0.387696 -0.387696 1 1 0
-0.0060693 -0.388238 -0.388238 1 1 0
-0.00643924 -0.388778 -0.388778 1 1 0
-0.00682804 -0.389316 -0.389316 1 1 0
-0.0072364 -0.389852 -0.389852 1 1 0
-0.00766501 -0.390386 -0.390386 1 1 0
-0.00811455 -0.390918 -0.390918 1 1 0
-0.00858571 -0.391448 -0.391448 1 1 0
-0.00907916 -0.391975 -0.391975 1 1 0
-0.00959557 -0.3925 -0.3925 1 1 0
-0.0101356 -0.393022 -0.393022 1 1 0
-0.0106998 -0.393542 -0.393542 1 1 0
-0.0112889 -0.394059 -0.394059 1 1 0
-0.0119034 -0.394573 -0.394573 1 1 0
-0.0125439 -0.395084 -0.395084 1 1 0
-0.0132108 -0.395592 -0.395592 1 1 0
-0.0139047 -0.396098 -0.396098 1 1 0
-0.0146259 -0.396599 -0.396599 1 1 0
-0.0153749 -0.397098 -0.397098 1 1 0
-0.016152 -0.397592 -0.397592 1 1 0
-0.0169574 -0.398083 -0.398083 1 1 0
-0.0177913 -0.398571 -0.398571 1 1 0
-0.0186539 -0.399054 -0.399054 1 1 0
-0.0195454 -0.399533 -0.399533 1 1 0
-0.0204656 -0.400008 -0.400008 1 1 0
-0.0214146 -0.400479 -0.400479 1 1 0
-0.0223924 -0.400945 -0.400945 1 1 0
-0.0233986 -0.401406 -0.401406 1 1 0
-0.0244332 -0.401863 -0.401863 1 1 0
-0.0254958 -0.402315 -0.402315 1 1 0
-0.0265862 -0.402762 -0.402762 1 1 0
-0.0277038 -0.403204 -0.403204 1 1 0
-0.0288484 -0.403641 -0.403641 1 1 0
-0.0300193 -0.404073 -0.404073 1 1 0
-0.0312162 -0.404499 -0.404499 1 1 0
-0.0324384 -0.404921 -0.404921 1 1 0
-0.0336854 -0.405337 -0.405337 1 1 0
-0.0349566 -0.405748 -0.405748 1 1 0
-0.0362514 -0.406154 -0.406154 1 1 0
-0.037569 -0.406554 -0.406554 1 1 0
-0.0389089 -0.406949 -0.406949 1 1 0
-0.0402703 -0.407339 -0.407339 1 1 0
-0.0416527 -0.407723 -0.407723 1 1 0
-0.0430553 -0.408103 -0.408103 1 1 0
-0.0444774 -0.408477 -0.408477 1 1 0
-0.0459185 -0.408846 -0.408846 1 1 0
-0.0473778 -0.40921 -0.40921 1 1 0
-0.0488546 -0.409569 -0.409569 1 1 0
-0.0503485 -0.409923 -0.409923 1 1 0
-0.0518586 -0.410272 -0.410272 1 1 0
-0.0533845 -0.410616 -0.410616 1 1 0
-0.0549255 -0.410956 -0.410956 1 1 0
-0.056481 -0.41129 -0.41129 1 1 0
-0.0580505 -0.411621 -0.411621 1 1 0
-0.0596334 -0.411946 -0.411946 1 1 0
-0.0612293 -0.412268 -0.412268 1 1 0
-0.0628375 -0.412585 -0.412585 1 1 0
-0.0644577 -0.412897 -0.412897 1 1 0
-0.0660893 -0.413206 -0.413206 1 1 0
-0.0677319 -0.41351 -0.41351 1 1 0
-0.0693851 -0.413811 -0.413811 1 1 0
-0.0710484 -0.414108 -0.414108 1 1 0
-0.0727214 -0.4144 -0.4144 1 1 0
-0.0744037 -0.414689 -0.414689 1 1 0
-0.0760951 -0.414975 -0.414975 1 1 0
-0.0777951 -0.415256 -0.415256 1 1 0
-0.0795033 -0.415535 -0.415535 1 1 0
-0.0812195 -0.415809 -0.415809 1 1 0
-0.0829434 -0.416081 -0.416081 1 1 0
-0.0846747 -0.416349 -0.416349 1 1 0
-0.086413 -0.416614 -0.416614 1 1 0
-0.0881581 -0.416876 -0.416876 1 1 0
-0.0899098 -0.417135 -0.417135 1 1 0
-0.0916677 -0.41739 -0.41739 1 1 0
-0.0934318 -0.417643 -0.417643 1 1 0
-0.0952016 -0.417893 -0.417893 1 1 0
-0.0969771 -0.418141 -0.418141 1 1 0
-0.098758 -0.418385 -0.418385 1 1 0
-0.100544 -0.418627 -0.418627 1 1 0
-0.102335 -0.418867 -0.418867 1 1 0
-0.104131 -0.419103 -0.419103 1 1 0
-0.105932 -0.419338 -0.419338 1 1 0
-0.107737 -0.41957 -0.41957 1 1 0
-0.109547 -0.419799 -0.419799 1 1 0
-0.11136 -0.420027 -0.420027 1 1 0
-0.113178 -0.420251 -0.420251 1 1 0
-0.115 -0.420474 -0.420474 1 1 0
-0.116825 -0.420695 -0.420695 1 1 0
-0.118654 -0.420913 -0.420913 1 1 0
-0.120487 -0.42113 -0.42113 1 1 0
-0.122323 -0.421344 -0.421344 1 1 0
-0.124162 -0.421557 -0.421557 1 1 0
-0.126005 -0.421767 -0.421767 1 1 0
-0.12785 -0.421976 -0.421976 1 1 0
-0.129699 -0.422183 -0.422183 1 1 0
-0.131551 -0.422388 -0.422388 1 1 0
-0.133405 -0.422591 -0.422591 1 1 0
-0.135262 -0.422792 -0.422792 1 1 0
-0.137122 -0.422992 -0.422992 1 1 0
-0.138984 -0.42319 -0.42319 1 1 0
-0.140849 -0.423387 -0.423387 1 1 0
-0.142716 -0.423582 -0.423582 1 1 0
-0.144585 -0.423775 -0.423775 1 1 0
-0.146457 -0.423967 -0.423967 1 1 0
-0.148331 -0.424157 -0.424157 1 1 0
-0.150207 -0.424346 -0.424346 1 1 0
-0.152085 -0.424534 -0.424534 1 1 0
-0.153965 -0.42472 -0.42472 1 1 0
-0.155847 -0.424904 -0.424904 1 1 0
-0.157731 -0.425088 -0.425088 1 1 0
-0.159617 -0.42527 -0.42527 1 1 0
-0.161505 -0.42545 -0.42545 1 1 0
-0.163394 -0.42563 -0.42563 1 1 0
-0.165285 -0.425808 -0.425808 1 1 0
-0.167178 -0.425985 -0.425985 1 1 0
-0.169072 -0.426161 -0.426161 1 1 0
-0.170968 -0.426335 -0.426335 1 1 0
-0.172865 -0.426509 -0.426509 1 1 0
-0.174764 -0.426681 -0.426681 1 1 0
-0.176665 -0.426852 -0.426852 1 1 0
-0.178566 -0.427022 -0.427022 1 1 0
-0.18047 -0.427191 -0.427191 1 1 0
-0.182374 -0.427359 -0.427359 1 1 0
-0.18428 -0.427526 -0.427526 1 1 0
-0.186187 -0.427692 -0.427692 1 1 0
-0.188095 -0.427857 -0.427857 1 1 0
-0.190005 -0.428021 -0.428021 1 1 0
-0.191915 -0.428184 -0.428184 1 1 0
-0.193827 -0.428346 -0.428346 1 1 0
-0.19574 -0.428507 -0.428507 1 1 0
-0.197654 -0.428667 -0.428667 1 1 0
-0.199569 -0.428827 -0.428827 1 1 0
-0.201485 -0.428985 -0.428985 1 1 0
-0.203402 -0.429143 -0.429143 1 1 0
-0.205321 -0.4293 -0.4293 1 1 0
-0.20724 -0.429455 -0.429455 1 1 0
-0.20916 -0.429611 -0.429611 1 1 0
-0.211081 -0.429765 -0.429765 1 1 0
-0.213003 -0.429918 -0.429918 1 1 0
-0.214926 -0.430071 -0.430071 1 1 0
-0.21685 -0.430223 -0.430223 1 1 0
-0.218774 -0.430374 -0.430374 1 1 0
-0.2207 -0.430525 -0.430525 1 1 0
-0.222626 -0.430675 -0.430675 1 1 0
-0.224553 -0.430824 -0.430824 1 1 0
-0.226481 -0.430972 -0.430972 1 1 0
-0.228409 -0.43112 -0.43112 1 1 0
-0.230338 -0.431267 -0.431267 1 1 0
-0.232269 -0.431413 -0.431413 1 1 0
-0.234199 -0.431558 -0.431558 1 1 0
-0.236131 -0.431703 -0.431703 1 1 0
-0.238063 -0.431848 -0.431848 1 1 0
-0.239996 -0.431992 -0.431992 1 1 0
-0.241929 -0.432135 -0.432135 1 1 0
-0.243863 -0.432277 -0.432277 1 1 0
-0.245798 -0.432419 -0.432419 1 1 0
-0.247734 -0.43256 -0.43256 1 1 0
-0.24967 -0.432701 -0.432701 1 1 0
-0.251606 -0.432841 -0.432841 1 1 0
-0.253543 -0.432981 -0.432981 1 1 0
-0.255481 -0.43312 -0.43312 1 1 0
-0.257419 -0.433259 -0.433259 1 1 0
-0.259358 -0.433397 -0.433397 1 1 0
-0.261298 -0.433534 -0.433534 1 1 0
-0.263238 -0.433671 -0.433671 1 1 0
-0.265178 -0.433808 -0.433808 1 1 0
-0.267119 -0.433944 -0.433944 1 1 0
-0.269061 -0.434079 -0.434079 1 1 0
-0.271003 -0.434214 -0.434214 1 1 0
-0.272945 -0.434349 -0.434349 1 1 0
-0.274888 -0.434483 -0.434483 1 1 0
-0.276831 -0.434616 -0.434616 1 1 0
-0.278775 -0.434749 -0.434749 1 1 0
-0.28072 -0.434882 -0.434882 1 1 0
-0.282664 -0.435014 -0.435014 1 1 0
-0.28461 -0.435146 -0.435146 1 1 0
-0.286555 -0.435277 -0.435277 1 1 0
-0.288501 -0.435408 -0.435408 1 1 0
-0.290448 -0.435539 -0.435539 1 1 0
-0.292395 -0.435669 -0.435669 1 1 0
-0.294342 -0.435799 -0.435799 1 1 0
-0.296289 -0.435928 -0.435928 1 1 0
-0.298237 -0.436057 -0.436057 1 1 0
-0.300186 -0.436185 -0.436185 1 1 0
-0.302135 -0.436314 -0.436314 1 1 0
-0.304084 -0.436441 -0.436441 1 1 0
-0.306033 -0.436569 -0.436569 1 1 0
-0.307983 -0.436696 -0.436696 1 1 0
-0.309933 -0.436823 -0.436823 1 1 0
-0.311884 -0.436949 -0.436949 1 1 0
-0.313834 -0.437075 -0.437075 1 1 0
-0.315786 -0.437201 -0.437201 1 1 0
-0.317737 -0.437326 -0.437326 1 1 0
-0.319689 -0.437451 -0.437451 1 1 0
-0.321641 -0.437575 -0.437575 1 1 0
-0.323594 -0.4377 -0.4377 1 1 0
-0.325546 -0.437824 -0.437824 1 1 0
-0.327499 -0.437948 -0.437948 1 1 0
-0.329453 -0.438071 -0.438071 1 1 0
-0.331406 -0.438194 -0.438194 1 1 0
-0.33336 -0.438317 -0.438317 1 1 0
-0.335314 -0.438439 -0.438439 1 1 0
-0.337269 -0.438562 -0.438562 1 1 0
-0.339223 -0.438684 -0.438684 1 1 0
-0.341178 -0.438805 -0.438805 1 1 0
-0.343134 -0.438927 -0.438927 1 1 0
-0.345089 -0.439048 -0.439048 1 1 0
-0.347045 -0.439168 -0.439168 1 1 0
-0.349001 -0.439289 -0.439289 1 1 0
-0.350957 -0.439409 -0.439409 1 1 0
-0.352914 -0.439529 -0.439529 1 1 0
-0.35487 -0.439649 -0.439649 1 1 0
-0.356827 -0.439769 -0.439769 1 1 0
-0.358784 -0.439888 -0.439888 1 1 0
-0.360742 -0.440007 -0.440007 1 1 0
-0.362699 -0.440126 -0.440126 1 1 0
-0.364657 -0.440245 -0.440245 1 1 0
-0.366615 -0.440363 -0.440363 1 1 0
-0.368574 -0.440481 -0.440481 1 1 0
-0.370532 -0.440599 -0.440599 1 1 0
-0.372491 -0.440717 -0.440717 1 1 0
-0.37445 -0.440834 -0.440834 1 1 0
-0.376409 -0.440952 -0.440952 1 1 0
-0.378368 -0.441069 -0.441069 1 1 0
-0.380328 -0.441186 -0.441186 1 1 0
-0.382287 -0.441302 -0.441302 1 1 0
-0.384247 -0.441419 -0.441419 1 1 0
-0.386207 -0.441535 -0.441535 1 1 0
-0.388167 -0.441651 -0.441651 1 1 0
-0.390128 -0.441767 -0.441767 1 1 0
-0.392088 -0.441883 -0.441883 1 1 0
-0.394049 -0.441998 -0.441998 1 1 0
-0.39601 -0.442114 -0.442114 1 1 0
-0.397971 -0.442229 -0.442229 1 1 0
-0.399932 -0.442344 -0.442344 1 1 0
-0.401894 -0.442459 -0.442459 1 1 0
-0.403855 -0.442573 -0.442573 1 1 0
-0.405817 -0.442688 -0.442688 1 1 0
-0.407779 -0.442802 -0.442802 1 1 0
-0.409741 -0.442916 -0.442916 1 1 0
-0.411703 -0.44303 -0.44303 1 1 0
-0.413666 -0.443144 -0.443144 1 1 0
-0.415628 -0.443258 -0.443258 1 1 0
-0.417591 -0.443371 -0.443371 1 1 0
-0.419554 -0.443485 -0.443485 1 1 0
-0.421517 -0.443598 -0.443598 1 1 0
-0.42348 -0.443711 -0.443711 1 1 0
-0.425443 -0.443824 -0.443824 1 1 0
-0.427406 -0.443937 -0.443937 1 1 0
-0.42937 -0.44405 -0.44405 1 1 0
-0.431333 -0.444163 -0.444163 1 1 0
-0.433297 -0.444275 -0.444275 1 1 0
-0.435261 -0.444387 -0.444387 1 1 0
-0.437225 -0.4445 -0.4445 1 1 0
-0.439189 -0.444612 -0.444612 1 1 0
-0.441153 -0.444724 -0.444724 1 1 0
-0.443118 -0.444836 -0.444836 1 1 0
-0.445082 -0.444947 -0.444947 1 1 0
-0.447047 -0.445059 -0.445059 1 1 0
-0.449011 -0.445171 -0.445171 1 1 0
-0.450976 -0.445282 -0.445282 1 1 0
-0.452941 -0.445393 -0.445393 1 1 0
-0.454906 -0.445505 -0.445505 1 1 0
-0.456871 -0.445616 -0.445616 1 1 0
-0.458837 -0.445727 -0.445727 1 1 0
-0.460802 -0.445838 -0.445838 1 1 0
-0.462767 -0.445949 -0.445949 1 1 0
-0.464733 -0.446059 -0.446059 1 1 0
-0.466699 -0.44617 -0.44617 1 1 0
-0.468664 -0.446281 -0.446281 1 1 0
-0.47063 -0.446391 -0.446391 1 1 0
-0.472596 -0.446502 -0.446502 1 1 0
-0.474562 -0.446612 -0.446612 1 1 0
-0.476528 -0.446722 -0.446722 1 1 0
-0.478495 -0.446833 -0.446833 1 1 0
-0.480461 -0.446943 -0.446943 1 1 0
-0.482427 -0.447053 -0.447053 1 1 0
-0.484394 -0.447163 -0.447163 1 1 0
-0.48636 -0.447273 -0.447273 1 1 0
-0.488327 -0.447383 -0.447383 1 1 0
-0.490294 -0.447493 -0.447493 1 1 0
-0.492261 -0.447602 -0.447602 1 1 0
-0.494227 -0.447712 -0.447712 1 1 0
-0.496194 -0.447822 -0.447822 1 1 0
-0.498161 -0.447931 -0.447931 1 1 0
-0.500129 -0.448041 -0.448041 1 1 0
-0.502096 -0.44815 -0.44815 1 1 0
-0.504063 -0.44826 -0.44826 1 1 0
-0.50603 -0.448369 -0.448369 1 1 0
-0.507998 -0.448478 -0.448478 1 1 0
-0.509965 -0.448588 -0.448588 1 1 0
-0.511933 -0.448697 -0.448697 1 1 0
-0.5139 -0.448806 -0.448806 1 1 0
-0.515868 -0.448915 -0.448915 1 1 0
-0.517836 -0.449025 -0.449025 1 1 0
-0.519804 -0.449134 -0.449134 1 1 0
-0.521772 -0.449243 -0.449243 1 1 0
-0.52374 -0.449352 -0.449352 1 1 0
-0.525708 -0.449461 -0.449461 1 1 0
-0.527676 -0.44957 -0.44957 1 1 0
-0.529644 -0.449679 -0.449679 1 1 0
-0.531612 -0.449788 -0.449788 1 1 0
-0.53358 -0.449897 -0.449897 1 1 0
-0.535548 -0.450006 -0.450006 1 1 0
-0.537517 -0.450115 -0.450115 1 1 0
-0.539485 -0.450224 -0.450224 1 1 0
-0.541453 -0.450332 -0.450332 1 1 0
-0.543422 -0.450441 -0.450441 1 1 0
-0.545391 -0.45055 -0.45055 1 1 0
-0.547359 -0.450659 -0.450659 1 1 0
-0.549328 -0.450768 -0.450768 1 1 0
-0.551296 -0.450877 -0.450877 1 1 0
-0.553265 -0.450986 -0.450986 1 1 0
-0.555234 -0.451094 -0.451094 1 1 0
-0.557203 -0.451203 -0.451203 1 1 0
-0.559172 -0.451312 -0.451312 1 1 0
-0.56114 -0.451421 -0.451421 1 1 0
-0.563109 -0.45153 -0.45153 1 1 0
-0.565078 -0.451639 -0.451639 1 1 0
-0.567047 -0.451748 -0.451748 1 1 0
-0.569016 -0.451856 -0.451856 1 1 0
-0.570986 -0.451965 -0.451965 1 1 0
-0.572955 -0.452074 -0.452074 1 1 0
-0.574924 -0.452183 -0.452183 1 1 0
-0.576893 -0.452292 -0.452292 1 1 0
-0.578862 -0.452401 -0.452401 1 1 0
-0.580831 -0.45251 -0.45251 1 1 0
-0.582801 -0.452619 -0.452619 1 1 0
-0.58477 -0.452728 -0.452728 1 1 0
-0.586739 -0.452837 -0.452837 1 1 0
-0.588709 -0.452946 -0.452946 1 1 0
-0.590678 -0.453055 -0.453055 1 1 0
-0.592648 -0.453164 -0.453164 1 1 0
-0.594617 -0.453274 -0.453274 1 1 0
-0.596587 -0.453383 -0.453383 1 1 0
-0.598556 -0.453492 -0.453492 1 1 0
-0.600526 -0.453601 -0.453601 1 1 0
-0.602495 -0.453711 -0.453711 1 1 0
-0.604465 -0.45382 -0.45382 1 1 0
-0.606434 -0.453929 -0.453929 1 1 0
-0.608404 -0.454039 -0.454039 1 1 0
-0.610374 -0.454148 -0.454148 1 1 0
-0.612343 -0.454258 -0.454258 1 1 0
-0.614313 -0.454367 -0.454367 1 1 0
-0.616283 -0.454477 -0.454477 1 1 0
-0.618252 -0.454587 -0.454587 1 1 0
-0.620222 -0.454696 -0.454696 1 1 0
-0.622192 -0.454806 -0.454806 1 1 0
-0.624162 -0.454916 -0.454916 1 1 0
-0.626131 -0.455026 -0.455026 1 1 0
-0.628101 -0.455136 -0.455136 1 1 0
-0.630071 -0.455246 -0.455246 1 1 0
-0.632041 -0.455356 -0.455356 1 1 0
-0.634011 -0.455466 -0.455466 1 1 0
-0.63598 -0.455576 -0.455576 1 1 0
-0.63795 -0.455687 -0.455687 1 1 0
-0.63992 -0.455797 -0.455797 1 1 0
-0.64189 -0.455908 -0.455908 1 1 0
-0.64386 -0.456018 -0.456018 1 1 0
-0.64583 -0.456129 -0.456129 1 1 0
-0.6478 -0.456239 -0.456239 1 1 0
-0.649769 -0.45635 -0.45635 1 1 0
-0.651739 -0.456461 -0.456461 1 1 0
-0.653709 -0.456572 -0.456572 1 1 0
-0.655679 -0.456683 -0.456683 1 1 0
-0.657649 -0.456794 -0.456794 1 1 0
-0.659619 -0.456905 -0.456905 1 1 0
-0.661589 -0.457016 -0.457016 1 1 0
-0.663559 -0.457127 -0.457127 1 1 0
-0.665529 -0.457239 -0.457239 1 1 0
-0.667498 -0.45735 -0.45735 1 1 0
-0.669468 -0.457462 -0.457462 1 1 0
-0.671438 -0.457573 -0.457573 1 1 0
-0.673408 -0.457685 -0.457685 1 1 0
-0.675378 -0.457797 -0.457797 1 1 0
-0.677348 -0.457909 -0.457909 1 1 0
-0.679318 -0.458021 -0.458021 1 1 0
-0.681288 -0.458133 -0.458133 1 1 0
-0.683257 -0.458245 -0.458245 1 1 0
-0.685227 -0.458358 -0.458358 1 1 0
-0.687197 -0.45847 -0.45847 1 1 0
-0.689167 -0.458583 -0.458583 1 1 0
-0.691137 -0.458696 -0.458696 1 1 0
-0.693106 -0.458808 -0.458808 1 1 0
-0.695076 -0.458921 -0.458921 1 1 0
-0.697046 -0.459034 -0.459034 1 1 0
-0.699016 -0.459147 -0.459147 1 1 0
-0.700985 -0.459261 -0.459261 1 1 0
-0.702955 -0.459374 -0.459374 1 1 0
-0.704925 -0.459488 -0.459488 1 1 0
-0.706895 -0.459601 -0.459601 1 1 0
-0.708864 -0.459715 -0.459715 1 1 0
-0.710834 -0.459829 -0.459829 1 1 0
-0.712804 -0.459943 -0.459943 1 1 0
-0.714773 -0.460057 -0.460057 1 1 0
-0.716743 -0.460171 -0.460171 1 1 0
-0.718712 -0.460286 -0.460286 1 1 0
-0.720682 -0.4604 -0.4604 1 1 0
-0.722652 -0.460515 -0.460515 1 1 0
-0.724621 -0.46063 -0.46063 1 1 0
-0.726591 -0.460745 -0.460745 1 1 0
-0.72856 -0.46086 -0.46086 1 1 0
-0.73053 -0.460975 -0.460975 1 1 0
-0.732499 -0.46109 -0.46109 1 1 0
-0.734468 -0.461206 -0.461206 1 1 0
-0.736438 -0.461322 -0.461322 1 1 0
-0.738407 -0.461437 -0.461437 1 1 0
-0.740376 -0.461553 -0.461553 1 1 0
-0.742346 -0.46167 -0.46167 1 1 0
-0.744315 -0.461786 -0.461786 1 1 0
-0.746284 -0.461902 -0.461902 1 1 0
-0.748253 -0.462019 -0.462019 1 1 0
-0.750223 -0.462136 -0.462136 1 1 0
-0.752192 -0.462253 -0.462253 1 1 0
-0.754161 -0.46237 -0.46237 1 1 0
-0.75613 -0.462487 -0.462487 1 1 0
-0.758099 -0.462604 -0.462604 1 1 0
-0.760068 -0.462722 -0.462722 1 1 0
-0.762037 -0.46284 -0.46284 1 1 0
-0.764006 -0.462958 -0.462958 1 1 0
-0.765975 -0.463076 -0.463076 1 1 0
-0.767944 -0.463194 -0.463194 1 1 0
-0.769912 -0.463312 -0.463312 1 1 0
-0.771881 -0.463431 -0.463431 1 1 0
-0.77385 -0.46355 -0.46355 1 1 0
-0.775819 -0.463669 -0.463669 1 1 0
-0.777787 -0.463788 -0.463788 1 1 0
-0.779756 -0.463907 -0.463907 1 1 0
-0.781725 -0.464027 -0.464027 1 1 0
-0.783693 -0.464147 -0.464147 1 1 0
-0.785662 -0.464267 -0.464267 1 1 0
-0.78763 -0.464387 -0.464387 1 1 0
-0.789598 -0.464507 -0.464507 1 1 0
-0.791567 -0.464628 -0.464628 1 1 0
-0.793535 -0.464748 -0.464748 1 1 0
-0.795503 -0.464869 -0.464869 1 1 0
-0.797472 -0.46499 -0.46499 1 1 0
-0.79944 -0.465112 -0.465112 1 1 0
-0.801408 -0.465233 -0.465233 1 1 0
-0.803376 -0.465355 -0.465355 1 1 0
-0.805344 -0.465477 -0.465477 1 1 0
-0.807312 -0.465599 -0.465599 1 1 0
-0.80928 -0.465722 -0.465722 1 1 0
-0.811248 -0.465844 -0.465844 1 1 0
-0.813216 -0.465967 -0.465967 1 1 0
-0.815183 -0.46609 -0.46609 1 1 0
-0.817151 -0.466213 -0.466213 1 1 0
-0.819119 -0.466337 -0.466337 1 1 0
-0.821086 -0.466461 -0.466461 1 1 0
-0.823054 -0.466585 -0.466585 1 1 0
-0.825021 -0.466709 -0.466709 1 1 0
-0.826989 -0.466833 -0.466833 1 1 0
-0.828956 -0.466958 -0.466958 1 1 0
-0.830923 -0.467083 -0.467083 1 1 0
-0.832891 -0.467208 -0.467208 1 1 0
-0.834858 -0.467333 -0.467333 1 1 0
-0.836825 -0.467459 -0.467459 1 1 0
-0.838792 -0.467585 -0.467585 1 1 0
-0.840759 -0.467711 -0.467711 1 1 0
-0.842726 -0.467837 -0.467837 1 1 0
-0.844693 -0.467964 -0.467964 1 1 0
-0.846659 -0.468091 -0.468091 1 1 0
-0.848626 -0.468218 -0.468218 1 1 0
-0.850593 -0.468345 -0.468345 1 1 0
-0.852559 -0.468473 -0.468473 1 1 0
-0.854526 -0.468601 -0.468601 1 1 0
-0.856492 -0.468729 -0.468729 1 1 0
-0.858459 -0.468857 -0.468857 1 1 0
-0.860425 -0.468986 -0.468986 1 1 0
-0.862391 -0.469115 -0.469115 1 1 0
-0.864357 -0.469244 -0.469244 1 1 0
-0.866324 -0.469374 -0.469374 1 1 0
-0.86829 -0.469503 -0.469503 1 1 0
-0.870255 -0.469633 -0.469633 1 1 0
-0.872221 -0.469764 -0.469764 1 1 0
-0.874187 -0.469894 -0.469894 1 1 0
-0.876153 -0.470025 -0.470025 1 1 0
-0.878118 -0.470156 -0.470156 1 1 0
-0.880084 -0.470288 -0.470288 1 1 0
-0.882049 -0.47042 -0.47042 1 1 0
-0.884015 -0.470552 -0.470552 1 1 0
-0.88598 -0.470684 -0.470684 1 1 0
-0.887945 -0.470817 -0.470817 1 1 0
-0.88991 -0.47095 -0.47095 1 1 0
-0.891875 -0.471083 -0.471083 1 1 0
-0.89384 -0.471217 -0.471217 1 1 0
-0.895805 -0.471351 -0.471351 1 1 0
-0.89777 -0.471485 -0.471485 1 1 0
-0.899735 -0.471619 -0.471619 1 1 0
-0.901699 -0.471754 -0.471754 1 1 0
-0.903664 -0.471889 -0.471889 1 1 0
-0.905628 -0.472025 -0.472025 1 1 0
-0.907593 -0.472161 -0.472161 1 1 0
-0.909557 -0.472297 -0.472297 1 1 0
-0.911521 -0.472433 -0.472433 1 1 0
-0.913485 -0.47257 -0.47257 1 1 0
-0.915449 -0.472707 -0.472707 1 1 0
-0.917413 -0.472845 -0.472845 1 1 0
-0.919376 -0.472983 -0.472983 1 1 0
-0.92134 -0.473121 -0.473121 1 1 0
-0.923304 -0.473259 -0.473259 1 1 0
-0.925267 -0.473398 -0.473398 1 1 0
-0.92723 -0.473537 -0.473537 1 1 0
-0.929194 -0.473677 -0.473677 1 1 0
-0.931157 -0.473817 -0.473817 1 1 0
-0.93312 -0.473957 -0.473957 1 1 0
-0.935083 -0.474098 -0.474098 1 1 0
-0.937046 -0.474239 -0.474239 1 1 0
-0.939008 -0.47438 -0.47438 1 1 0
-0.940971 -0.474522 -0.474522 1 1 0
-0.942934 -0.474664 -0.474664 1 1 0
-0.944896 -0.474807 -0.474807 1 1 0
-0.946858 -0.474949 -0.474949 1 1 0
-0.94882 -0.475093 -0.475093 1 1 0
-0.950782 -0.475236 -0.475236 1 1 0
-0.952744 -0.47538 -0.47538 1 1 0
-0.954706 -0.475525 -0.475525 1 1 0
-0.956668 -0.47567 -0.47567 1 1 0
-0.95863 -0.475815 -0.475815 1 1 0
-0.960591 -0.47596 -0.47596 1 1 0
-0.962552 -0.476106 -0.476106 1 1 0
-0.964514 -0.476253 -0.476253 1 1 0
-0.966475 -0.4764 -0.4764 1 1 0
-0.968436 -0.476547 -0.476547 1 1 0
-0.970397 -0.476695 -0.476695 1 1 0
-0.972357 -0.476843 -0.476843 1 1 0
-0.974318 -0.476991 -0.476991 1 1 0
-0.976279 -0.47714 -0.47714 1 1 0
-0.978239 -0.477289 -0.477289 1 1 0
-0.980199 -0.477439 -0.477439 1 1 0
-0.982159 -0.477589 -0.477589 1 1 0
-0.984119 -0.47774 -0.47774 1 1 0
-0.986079 -0.477891 -0.477891 1 1 0
-0.988039 -0.478043 -0.478043 1 1 0
-0.989999 -0.478194 -0.478194 1 1 0
-0.991958 -0.478347 -0.478347 1 1 0
-0.993917 -0.4785 -0.4785 1 1 0
-0.995877 -0.478653 -0.478653 1 1 0
-0.997836 -0.478807 -0.478807 1 1 0
-0.999794 -0.478961 -0.478961 1 1 0
-1.00175 -0.479116 -0.479116 1 1 0
-1.00371 -0.479271 -0.479271 1 1 0
-1.00567 -0.479427 -0.479427 1 1 0
-1.00763 -0.479583 -0.479583 1 1 0
-1.00959 -0.479739 -0.479739 1 1 0
-1.01154 -0.479896 -0.479896 1 1 0
-1.0135 -0.480054 -0.480054 1 1 0
-1.01546 -0.480212 -0.480212 1 1 0
-1.01742 -0.48037 -0.48037 1 1 0
-1.01938 -0.48053 -0.48053 1 1 0
-1.02133 -0.480689 -0.480689 1 1 0
-1.02329 -0.480849 -0.480849 1 1 0
-1.02525 -0.48101 -0.48101 1 1 0
-1.0272 -0.481171 -0.481171 1 1 0
-1.02916 -0.481332 -0.481332 1 1 0
-1.03112 -0.481494 -0.481494 1 1 0
-1.03307 -0.481657 -0.481657 1 1 0
-1.03503 -0.48182 -0.48182 1 1 0
-1.03699 -0.481984 -0.481984 1 1 0
-1.03894 -0.482148 -0.482148 1 1 0
-1.0409 -0.482313 -0.482313 1 1 0
-1.04285 -0.482478 -0.482478 1 1 0
-1.04481 -0.482644 -0.482644 1 1 0
-1.04676 -0.48281 -0.48281 1 1 0
-1.04872 -0.482977 -0.482977 1 1 0
-1.05067 -0.483145 -0.483145 1 1 0
-1.05263 -0.483313 -0.483313 1 1 0
-1.05458 -0.483481 -0.483481 1 1 0
-1.05654 -0.483651 -0.483651 1 1 0
-1.05849 -0.48382 -0.48382 1 1 0
-1.06045 -0.483991 -0.483991 1 1 0
-1.0624 -0.484162 -0.484162 1 1 0
-1.06435 -0.484333 -0.484333 1 1 0
-1.06631 -0.484505 -0.484505 1 1 0
-1.06826 -0.484678 -0.484678 1 1 0
-1.07021 -0.484851 -0.484851 1 1 0
-1.07217 -0.485025 -0.485025 1 1 0
-1.07412 -0.4852 -0.4852 1 1 0
-1.07607 -0.485375 -0.485375 1 1 0
-1.07802 -0.48555 -0.48555 1 1 0
-1.07998 -0.485727 -0.485727 1 1 0
-1.08193 -0.485904 -0.485904 1 1 0
-1.08388 -0.486081 -0.486081 1 1 0
-1.08583 -0.486259 -0.486259 1 1 0
-1.08778 -0.486438 -0.486438 1 1 0
-1.08973 -0.486618 -0.486618 1 1 0
-1.09169 -0.486798 -0.486798 1 1 0
-1.09364 -0.486979 -0.486979 1 1 0
-1.09559 -0.48716 -0.48716 1 1 0
-1.09754 -0.487342 -0.487342 1 1 0
-1.09949 -0.487525 -0.487525 1 1 0
-1.10144 -0.487708 -0.487708 1 1 0
-1.10339 -0.487893 -0.487893 1 1 0
-1.10534 -0.488077 -0.488077 1 1 0
-1.10729 -0.488263 -0.488263 1 1 0
-1.10924 -0.488449 -0.488449 1 1 0
-1.11118 -0.488636 -0.488636 1 1 0
-1.11313 -0.488823 -0.488823 1 1 0
-1.11508 -0.489012 -0.489012 1 1 0
-1.11703 -0.489201 -0.489201 1 1 0
-1.11898 -0.48939 -0.48939 1 1 0
-1.12093 -0.489581 -0.489581 1 1 0
-1.12287 -0.489772 -0.489772 1 1 0
-1.12482 -0.489963 -0.489963 1 1 0
-1.12677 -0.490156 -0.490156 1 1 0
-1.12872 -0.490349 -0.490349 1 1 0
-1.13066 -0.490543 -0.490543 1 1 0
-1.13261 -0.490738 -0.490738 1 1 0
-1.13456 -0.490934 -0.490934 1 1 0
-1.1365 -0.49113 -0.49113 1 1 0
-1.13845 -0.491327 -0.491327 1 1 0
-1.14039 -0.491525 -0.491525 1 1 0
-1.14234 -0.491723 -0.491723 1 1 0
-1.14428 -0.491923 -0.491923 1 1 0
-1.14623 -0.492123 -0.492123 1 1 0
-1.14817 -0.492324 -0.492324 1 1 0
-1.15012 -0.492525 -0.492525 1 1 0
-1.15206 -0.492728 -0.492728 1 1 0
-1.15401 -0.492931 -0.492931 1 1 0
-1.15595 -0.493135 -0.493135 1 1 0
-1.15789 -0.49334 -0.49334 1 1 0
-1.15984 -0.493546 -0.493546 1 1 0
-1.16178 -0.493752 -0.493752 1 1 0
-1.16372 -0.49396 -0.49396 1 1 0
-1.16567 -0.494168 -0.494168 1 1 0
-1.16761 -0.494377 -0.494377 1 1 0
-1.16955 -0.494587 -0.494587 1 1 0
-1.17149 -0.494798 -0.494798 1 1 0
-1.17343 -0.495009 -0.495009 1 1 0
-1.17537 -0.495222 -0.495222 1 1 0
-1.17732 -0.495435 -0.495435 1 1 0
-1.17926 -0.49565 -0.49565 1 1 0
-1.1812 -0.495865 -0.495865 1 1 0
-1.18314 -0.496081 -0.496081 1 1 0
-1.18508 -0.496297 -0.496297 1 1 0
-1.18702 -0.496515 -0.496515 1 1 0
-1.18896 -0.496734 -0.496734 1 1 0
-1.1909 -0.496953 -0.496953 1 1 0
-1.19284 -0.497174 -0.497174 1 1 0
-1.19477 -0.497395 -0.497395 1 1 0
-1.19671 -0.497618 -0.497618 1 1 0
-1.19865 -0.497841 -0.497841 1 1 0
-1.20059 -0.498065 -0.498065 1 1 0
-1.20253 -0.49829 -0.49829 1 1 0
-1.20446 -0.498516 -0.498516 1 1 0
-1.2064 -0.498743 -0.498743 1 1 0
-1.20834 -0.498971 -0.498971 1 1 0
-1.21027 -0.4992 -0.4992 1 1 0
-1.21221 -0.49943 -0.49943 1 1 0
-1.21415 -0.499661 -0.499661 1 1 0
-1.21608 -0.499893 -0.499893 1 1 0
-1.21802 -0.500126 -0.500126 1 1 0
-1.21995 -0.50036 -0.50036 1 1 0
-1.22189 -0.500595 -0.500595 1 1 0
-1.22382 -0.500831 -0.500831 1 1 0
-1.22576 -0.501067 -0.501067 1 1 0
-1.22769 -0.501305 -0.501305 1 1 0
-1.22962 -0.501544 -0.501544 1 1 0
